Id,Predicted
0, 0.51
1, 0.07
2, 0.82
3, 0.51
4, 0.89
5, 0.42
6, 0.50
7, 0.53
8, 0.50
9, 0.52
10, 0.52
11, 0.52
12, 0.59
13, 0.53
14, 0.86
15, 0.84
16, 0.83
17, 0.84
18, 0.83
19, 0.12
20, 0.55
21, 0.93
22, 0.50
23, 0.57
24, 0.46
25, 0.85
26, 0.83
27, 0.50
28, 0.84
29, 0.53
30, 0.54
31, 0.47
32, 0.52
33, 0.46
34, 0.16
35, 0.49
36, 0.48
37, 0.51
38, 0.20
39, 0.86
40, 0.50
41, 0.50
42, 0.82
43, 0.52
44, 0.84
45, 0.49
46, 0.85
47, 0.55
48, 0.54
49, 0.84
50, 0.14
51, 0.41
52, 0.43
53, 0.15
54, 0.49
55, 0.50
56, 0.50
57, 0.86
58, 0.50
59, 0.51
60, 0.83
61, 0.50
62, 0.42
63, 0.86
64, 0.85
65, 0.46
66, 0.87
67, 0.83
68, 0.39
69, 0.82
70, 0.84
71, 0.82
72, 0.88
73, 0.52
74, 0.51
75, 0.82
76, 0.85
77, 0.88
78, 0.80
79, 0.09
80, 0.85
81, 0.52
82, 0.49
83, 0.84
84, 0.48
85, 0.85
86, 0.86
87, 0.48
88, 0.47
89, 0.83
90, 0.82
91, 0.85
92, 0.82
93, 0.82
94, 0.83
95, 0.85
96, 0.47
97, 0.85
98, 0.83
99, 0.50
100, 0.85
101, 0.54
102, 0.43
103, 0.85
104, 0.85
105, 0.58
106, 0.17
107, 0.49
108, 0.50
109, 0.88
110, 0.43
111, 0.84
112, 0.20
113, 0.85
114, 0.49
115, 0.49
116, 0.85
117, 0.85
118, 0.50
119, 0.21
120, 0.09
121, 0.83
122, 0.50
123, 0.51
124, 0.52
125, 0.46
126, 0.85
127, 0.84
128, 0.85
129, 0.49
130, 0.39
131, 0.84
132, 0.43
133, 0.81
134, 0.52
135, 0.86
136, 0.41
137, 0.07
138, 0.51
139, 0.54
140, 0.49
141, 0.81
142, 0.83
143, 0.85
144, 0.86
145, 0.52
146, 0.50
147, 0.80
148, 0.78
149, 0.14
150, 0.17
151, 0.86
152, 0.39
153, 0.41
154, 0.82
155, 0.85
156, 0.78
157, 0.84
158, 0.86
159, 0.52
160, 0.50
161, 0.53
162, 0.93
163, 0.43
164, 0.51
165, 0.54
166, 0.07
167, 0.86
168, 0.89
169, 0.50
170, 0.46
171, 0.82
172, 0.92
173, 0.51
174, 0.51
175, 0.87
176, 0.50
177, 0.40
178, 0.85
179, 0.82
180, 0.49
181, 0.51
182, 0.82
183, 0.45
184, 0.51
185, 0.54
186, 0.84
187, 0.42
188, 0.87
189, 0.51
190, 0.85
191, 0.51
192, 0.82
193, 0.50
194, 0.54
195, 0.52
196, 0.49
197, 0.59
198, 0.51
199, 0.01
200, 0.53
201, 0.15
202, 0.48
203, 0.51
204, 0.93
205, 0.44
206, 0.43
207, 0.49
208, 0.87
209, 0.81
210, 0.52
211, 0.86
212, 0.47
213, 0.51
214, 0.49
215, 0.79
216, 0.49
217, 0.53
218, 0.50
219, 0.38
220, 0.60
221, 0.83
222, 0.49
223, 0.48
224, 0.55
225, 0.84
226, 0.51
227, 0.78
228, 0.83
229, 0.48
230, 0.06
231, 0.41
232, 0.87
233, 0.50
234, 0.48
235, 0.07
236, 0.84
237, 0.41
238, 0.57
239, 0.51
240, 0.49
241, 0.44
242, 0.42
243, 0.47
244, 0.84
245, 0.50
246, 0.55
247, 0.55
248, 0.82
249, 0.43
250, 0.87
251, 0.45
252, 0.50
253, 0.09
254, 0.86
255, 0.43
256, 0.84
257, 0.54
258, 0.85
259, 0.48
260, 0.07
261, 0.10
262, 0.51
263, 0.85
264, 0.83
265, 0.81
266, 0.50
267, 0.55
268, 0.51
269, 0.51
270, 0.87
271, 0.81
272, 0.48
273, 0.81
274, 0.87
275, 0.57
276, 0.45
277, 0.08
278, 0.40
279, 0.49
280, 0.82
281, 0.88
282, 0.84
283, 0.85
284, 0.85
285, 0.56
286, 0.83
287, 0.53
288, 0.85
289, 0.76
290, 0.85
291, 0.12
292, 0.84
293, 0.51
294, 0.55
295, 0.52
296, 0.44
297, 0.53
298, 0.47
299, 0.49
300, 0.53
301, 0.88
302, 0.51
303, 0.50
304, 0.48
305, 0.54
306, 0.46
307, 0.53
308, 0.60
309, 0.80
310, 0.86
311, 0.41
312, 0.85
313, 0.46
314, 0.78
315, 0.50
316, 0.81
317, 0.89
318, 0.49
319, 0.43
320, 0.40
321, 0.84
322, 0.45
323, 0.10
324, 0.85
325, 0.51
326, 0.56
327, 0.48
328, 0.50
329, 0.82
330, 0.51
331, 0.81
332, 0.43
333, 0.40
334, 0.83
335, 0.53
336, 0.41
337, 0.90
338, 0.84
339, 0.85
340, 0.85
341, 0.52
342, 0.47
343, 0.40
344, 0.82
345, 0.81
346, 0.45
347, 0.53
348, 0.47
349, 0.20
350, 0.80
351, 0.52
352, 0.84
353, 0.61
354, 0.50
355, 0.80
356, 0.80
357, 0.21
358, 0.46
359, 0.55
360, 0.21
361, 0.81
362, 0.48
363, 0.88
364, 0.59
365, 0.86
366, 0.85
367, 0.85
368, 0.47
369, 0.11
370, 0.50
371, 0.84
372, 0.52
373, 0.90
374, 0.92
375, 0.83
376, 0.51
377, 0.54
378, 0.91
379, 0.50
380, 0.84
381, 0.48
382, 0.44
383, 0.83
384, 0.84
385, 0.52
386, 0.41
387, 0.83
388, 0.84
389, 0.45
390, 0.85
391, 0.54
392, 0.84
393, 0.80
394, 0.54
395, 0.84
396, 0.54
397, 0.51
398, 0.81
399, 0.85
400, 0.84
401, 0.50
402, 0.84
403, 0.86
404, 0.07
405, 0.86
406, 0.10
407, 0.55
408, 0.42
409, 0.52
410, 0.46
411, 0.51
412, 0.50
413, 0.81
414, 0.07
415, 0.52
416, 0.49
417, 0.83
418, 0.85
419, 0.53
420, 0.85
421, 0.53
422, 0.52
423, 0.83
424, 0.87
425, 0.82
426, 0.54
427, 0.90
428, 0.91
429, 0.14
430, 0.49
431, 0.50
432, 0.81
433, 0.13
434, 0.88
435, 0.83
436, 0.53
437, 0.84
438, 0.12
439, 0.10
440, 0.85
441, 0.77
442, 0.49
443, 0.52
444, 0.86
445, 0.50
446, 0.86
447, 0.13
448, 0.53
449, 0.85
450, 0.18
451, 0.47
452, 0.88
453, 0.57
454, 0.17
455, 0.51
456, 0.87
457, 0.48
458, 0.84
459, 0.51
460, 0.51
461, 0.80
462, 0.87
463, 0.85
464, 0.85
465, 0.56
466, 0.51
467, 0.49
468, 0.88
469, 0.47
470, 0.47
471, 0.48
472, 0.52
473, 0.85
474, 0.84
475, 0.81
476, 0.87
477, 0.84
478, 0.43
479, 0.49
480, 0.47
481, 0.85
482, 0.86
483, 0.85
484, 0.44
485, 0.52
486, 0.40
487, 0.86
488, 0.80
489, 0.50
490, 0.47
491, 0.54
492, 0.47
493, 0.84
494, 0.49
495, 0.48
496, 0.43
497, 0.49
498, 0.84
499, 0.85
500, 0.84
501, 0.22
502, 0.39
503, 0.82
504, 0.84
505, 0.82
506, 0.89
507, 0.86
508, 0.52
509, 0.51
510, 0.81
511, 0.86
512, 0.54
513, 0.49
514, 0.50
515, 0.85
516, 0.08
517, 0.83
518, 0.53
519, 0.54
520, 0.50
521, 0.84
522, 0.47
523, 0.84
524, 0.52
525, 0.54
526, 0.47
527, 0.84
528, 0.84
529, 0.48
530, 0.51
531, 0.90
532, 0.48
533, 0.84
534, 0.52
535, 0.52
536, 0.51
537, 0.83
538, 0.53
539, 0.39
540, 0.81
541, 0.89
542, 0.83
543, 0.84
544, 0.49
545, 0.45
546, 0.82
547, 0.52
548, 0.52
549, 0.53
550, 0.52
551, 0.50
552, 0.85
553, 0.06
554, 0.80
555, 0.82
556, 0.09
557, 0.82
558, 0.87
559, 0.59
560, 0.85
561, 0.45
562, 0.62
563, 0.88
564, 0.49
565, 0.86
566, 0.07
567, 0.88
568, 0.47
569, 0.82
570, 0.86
571, 0.58
572, 0.84
573, 0.43
574, 0.77
575, 0.87
576, 0.90
577, 0.59
578, 0.51
579, 0.62
580, 0.51
581, 0.86
582, 0.52
583, 0.52
584, 0.51
585, 0.83
586, 0.40
587, 0.84
588, 0.54
589, 0.44
590, 0.83
591, 0.88
592, 0.82
593, 0.86
594, 0.52
595, 0.47
596, 0.48
597, 0.82
598, 0.76
599, 0.81
600, 0.87
601, 0.89
602, 0.86
603, 0.42
604, 0.89
605, 0.45
606, 0.50
607, 0.42
608, 0.84
609, 0.14
610, 0.51
611, 0.88
612, 0.51
613, 0.18
614, 0.85
615, 0.48
616, 0.50
617, 0.90
618, 0.42
619, 0.33
620, 0.51
621, 0.87
622, 0.48
623, 0.83
624, 0.49
625, 0.81
626, 0.51
627, 0.86
628, 0.51
629, 0.84
630, 0.85
631, 0.43
632, 0.18
633, 0.87
634, 0.89
635, 0.53
636, 0.88
637, 0.75
638, 0.42
639, 0.51
640, 0.16
641, 0.87
642, 0.85
643, 0.86
644, 0.58
645, 0.52
646, 0.18
647, 0.17
648, 0.84
649, 0.84
650, 0.18
651, 0.76
652, 0.85
653, 0.85
654, 0.84
655, 0.46
656, 0.84
657, 0.52
658, 0.50
659, 0.46
660, 0.84
661, 0.86
662, 0.51
663, 0.83
664, 0.50
665, 0.50
666, 0.45
667, 0.82
668, 0.53
669, 0.83
670, 0.47
671, 0.52
672, 0.86
673, 0.89
674, 0.75
675, 0.86
676, 0.08
677, 0.47
678, 0.43
679, 0.84
680, 0.80
681, 0.85
682, 0.48
683, 0.52
684, 0.43
685, 0.83
686, 0.84
687, 0.85
688, 0.17
689, 0.43
690, 0.60
691, 0.81
692, 0.79
693, 0.49
694, 0.53
695, 0.47
696, 0.53
697, 0.82
698, 0.41
699, 0.18
700, 0.28
701, 0.16
702, 0.83
703, 0.51
704, 0.19
705, 0.51
706, 0.51
707, 0.40
708, 0.50
709, 0.46
710, 0.85
711, 0.52
712, 0.80
713, 0.52
714, 0.82
715, 0.18
716, 0.48
717, 0.52
718, 0.47
719, 0.84
720, 0.50
721, 0.89
722, 0.40
723, 0.81
724, 0.18
725, 0.48
726, 0.52
727, 0.85
728, 0.82
729, 0.48
730, 0.52
731, 0.09
732, 0.50
733, 0.85
734, 0.46
735, 0.50
736, 0.84
737, 0.44
738, 0.52
739, 0.13
740, 0.53
741, 0.11
742, 0.50
743, 0.06
744, 0.82
745, 0.44
746, 0.52
747, 0.53
748, 0.20
749, 0.50
750, 0.88
751, 0.82
752, 0.83
753, 0.84
754, 0.51
755, 0.49
756, 0.83
757, 0.84
758, 0.45
759, 0.85
760, 0.39
761, 0.90
762, 0.52
763, 0.51
764, 0.48
765, 0.49
766, 0.60
767, 0.51
768, 0.46
769, 0.83
770, 0.88
771, 0.83
772, 0.49
773, 0.82
774, 0.53
775, 0.53
776, 0.79
777, 0.49
778, 0.90
779, 0.78
780, 0.83
781, 0.55
782, 0.91
783, 0.48
784, 0.59
785, 0.46
786, 0.50
787, 0.48
788, 0.79
789, 0.14
790, 0.48
791, 0.59
792, 0.81
793, 0.45
794, 0.51
795, 0.44
796, 0.41
797, 0.48
798, 0.47
799, 0.83
800, 0.51
801, 0.90
802, 0.50
803, 0.82
804, 0.21
805, 0.14
806, 0.16
807, 0.90
808, 0.12
809, 0.44
810, 0.47
811, 0.55
812, 0.84
813, 0.06
814, 0.49
815, 0.48
816, 0.75
817, 0.48
818, 0.55
819, 0.85
820, 0.84
821, 0.45
822, 0.47
823, 0.50
824, 0.46
825, 0.49
826, 0.76
827, 0.87
828, 0.85
829, 0.83
830, 0.42
831, 0.84
832, 0.48
833, 0.84
834, 0.82
835, 0.49
836, 0.53
837, 0.84
838, 0.92
839, 0.51
840, 0.52
841, 0.50
842, 0.50
843, 0.57
844, 0.41
845, 0.41
846, 0.85
847, 0.40
848, 0.51
849, 0.53
850, 0.45
851, 0.51
852, 0.48
853, 0.91
854, 0.51
855, 0.85
856, 0.13
857, 0.52
858, 0.51
859, 0.86
860, 0.82
861, 0.46
862, 0.88
863, 0.46
864, 0.54
865, 0.50
866, 0.56
867, 0.05
868, 0.82
869, 0.48
870, 0.50
871, 0.85
872, 0.85
873, 0.90
874, 0.39
875, 0.39
876, 0.47
877, 0.11
878, 0.51
879, 0.84
880, 0.86
881, 0.47
882, 0.49
883, 0.20
884, 0.47
885, 0.50
886, 0.86
887, 0.43
888, 0.50
889, 0.48
890, 0.83
891, 0.49
892, 0.80
893, 0.78
894, 0.84
895, 0.87
896, 0.46
897, 0.20
898, 0.57
899, 0.48
900, 0.48
901, 0.79
902, 0.46
903, 0.48
904, 0.87
905, 0.82
906, 0.50
907, 0.84
908, 0.40
909, 0.49
910, 0.51
911, 0.87
912, 0.45
913, 0.18
914, 0.47
915, 0.56
916, 0.49
917, 0.82
918, 0.55
919, 0.85
920, 0.46
921, 0.49
922, 0.49
923, 0.83
924, 0.89
925, 0.53
926, 0.47
927, 0.83
928, 0.09
929, 0.84
930, 0.51
931, 0.50
932, 0.52
933, 0.50
934, 0.52
935, 0.53
936, 0.86
937, 0.51
938, 0.85
939, 0.89
940, 0.82
941, 0.11
942, 0.47
943, 0.84
944, 0.47
945, 0.52
946, 0.85
947, 0.81
948, 0.42
949, 0.15
950, 0.53
951, 0.51
952, 0.17
953, 0.49
954, 0.47
955, 0.48
956, 0.80
957, 0.52
958, 0.50
959, 0.51
960, 0.51
961, 0.55
962, 0.85
963, 0.77
964, 0.51
965, 0.47
966, 0.78
967, 0.86
968, 0.53
969, 0.51
970, 0.52
971, 0.08
972, 0.85
973, 0.43
974, 0.89
975, 0.87
976, 0.84
977, 0.86
978, 0.50
979, 0.78
980, 0.83
981, 0.85
982, 0.75
983, 0.81
984, 0.46
985, 0.54
986, 0.53
987, 0.47
988, 0.85
989, 0.52
990, 0.07
991, 0.51
992, 0.50
993, 0.48
994, 0.43
995, 0.50
996, 0.59
997, 0.52
998, 0.10
999, 0.85
1000, 0.42
1001, 0.85
1002, 0.49
1003, 0.85
1004, 0.84
1005, 0.51
1006, 0.50
1007, 0.84
1008, 0.49
1009, 0.51
1010, 0.44
1011, 0.49
1012, 0.54
1013, 0.84
1014, 0.38
1015, 0.49
1016, 0.89
1017, 0.83
1018, 0.80
1019, 0.85
1020, 0.40
1021, 0.82
1022, 0.49
1023, 0.52
1024, 0.85
1025, 0.48
1026, 0.87
1027, 0.84
1028, 0.84
1029, 0.49
1030, 0.48
1031, 0.87
1032, 0.49
1033, 0.48
1034, 0.84
1035, 0.83
1036, 0.84
1037, 0.50
1038, 0.52
1039, 0.83
1040, 0.43
1041, 0.89
1042, 0.90
1043, 0.51
1044, 0.53
1045, 0.91
1046, 0.46
1047, 0.50
1048, 0.44
1049, 0.51
1050, 0.52
1051, 0.86
1052, 0.84
1053, 0.45
1054, 0.47
1055, 0.86
1056, 0.39
1057, 0.52
1058, 0.82
1059, 0.84
1060, 0.84
1061, 0.53
1062, 0.80
1063, 0.54
1064, 0.86
1065, 0.45
1066, 0.85
1067, 0.50
1068, 0.82
1069, 0.59
1070, 0.85
1071, 0.86
1072, 0.85
1073, 0.84
1074, 0.43
1075, 0.43
1076, 0.50
1077, 0.51
1078, 0.48
1079, 0.08
1080, 0.53
1081, 0.52
1082, 0.50
1083, 0.82
1084, 0.54
1085, 0.52
1086, 0.49
1087, 0.83
1088, 0.81
1089, 0.88
1090, 0.50
1091, 0.83
1092, 0.51
1093, 0.77
1094, 0.51
1095, 0.83
1096, 0.45
1097, 0.53
1098, 0.84
1099, 0.50
1100, 0.84
1101, 0.54
1102, 0.84
1103, 0.54
1104, 0.79
1105, 0.50
1106, 0.51
1107, 0.51
1108, 0.48
1109, 0.41
1110, 0.52
1111, 0.51
1112, 0.54
1113, 0.83
1114, 0.78
1115, 0.53
1116, 0.46
1117, 0.76
1118, 0.40
1119, 0.85
1120, 0.84
1121, 0.48
1122, 0.56
1123, 0.84
1124, 0.81
1125, 0.42
1126, 0.52
1127, 0.48
1128, 0.88
1129, 0.53
1130, 0.84
1131, 0.53
1132, 0.58
1133, 0.51
1134, 0.45
1135, 0.16
1136, 0.50
1137, 0.49
1138, 0.50
1139, 0.49
1140, 0.85
1141, 0.41
1142, 0.16
1143, 0.84
1144, 0.49
1145, 0.55
1146, 0.50
1147, 0.45
1148, 0.82
1149, 0.86
1150, 0.51
1151, 0.48
1152, 0.83
1153, 0.43
1154, 0.05
1155, 0.50
1156, 0.41
1157, 0.47
1158, 0.48
1159, 0.82
1160, 0.50
1161, 0.49
1162, 0.48
1163, 0.79
1164, 0.49
1165, 0.83
1166, 0.88
1167, 0.81
1168, 0.85
1169, 0.84
1170, 0.48
1171, 0.82
1172, 0.86
1173, 0.49
1174, 0.83
1175, 0.83
1176, 0.86
1177, 0.55
1178, 0.48
1179, 0.48
1180, 0.54
1181, 0.16
1182, 0.43
1183, 0.52
1184, 0.60
1185, 0.51
1186, 0.86
1187, 0.58
1188, 0.50
1189, 0.85
1190, 0.50
1191, 0.82
1192, 0.54
1193, 0.87
1194, 0.46
1195, 0.84
1196, 0.45
1197, 0.08
1198, 0.56
1199, 0.84
1200, 0.84
1201, 0.83
1202, 0.52
1203, 0.82
1204, 0.84
1205, 0.82
1206, 0.56
1207, 0.56
1208, 0.16
1209, 0.50
1210, 0.50
1211, 0.86
1212, 0.53
1213, 0.84
1214, 0.16
1215, 0.84
1216, 0.86
1217, 0.12
1218, 0.53
1219, 0.76
1220, 0.07
1221, 0.80
1222, 0.84
1223, 0.52
1224, 0.90
1225, 0.20
1226, 0.82
1227, 0.05
1228, 0.83
1229, 0.86
1230, 0.51
1231, 0.51
1232, 0.54
1233, 0.19
1234, 0.83
1235, 0.54
1236, 0.84
1237, 0.83
1238, 0.88
1239, 0.51
1240, 0.52
1241, 0.51
1242, 0.83
1243, 0.91
1244, 0.55
1245, 0.56
1246, 0.82
1247, 0.08
1248, 0.91
1249, 0.50
1250, 0.52
1251, 0.82
1252, 0.89
1253, 0.86
1254, 0.51
1255, 0.82
1256, 0.86
1257, 0.82
1258, 0.85
1259, 0.49
1260, 0.50
1261, 0.84
1262, 0.19
1263, 0.74
1264, 0.56
1265, 0.82
1266, 0.54
1267, 0.85
1268, 0.53
1269, 0.45
1270, 0.78
1271, 0.48
1272, 0.89
1273, 0.76
1274, 0.87
1275, 0.49
1276, 0.85
1277, 0.47
1278, 0.50
1279, 0.85
1280, 0.14
1281, 0.50
1282, 0.42
1283, 0.85
1284, 0.84
1285, 0.82
1286, 0.85
1287, 0.89
1288, 0.85
1289, 0.49
1290, 0.83
1291, 0.84
1292, 0.50
1293, 0.85
1294, 0.48
1295, 0.52
1296, 0.51
1297, 0.83
1298, 0.51
1299, 0.72
1300, 0.18
1301, 0.90
1302, 0.42
1303, 0.76
1304, 0.52
1305, 0.56
1306, 0.84
1307, 0.53
1308, 0.50
1309, 0.50
1310, 0.50
1311, 0.48
1312, 0.11
1313, 0.52
1314, 0.48
1315, 0.84
1316, 0.50
1317, 0.43
1318, 0.85
1319, 0.55
1320, 0.52
1321, 0.50
1322, 0.42
1323, 0.54
1324, 0.51
1325, 0.85
1326, 0.53
1327, 0.54
1328, 0.84
1329, 0.63
1330, 0.46
1331, 0.52
1332, 0.82
1333, 0.51
1334, 0.82
1335, 0.85
1336, 0.48
1337, 0.50
1338, 0.85
1339, 0.84
1340, 0.84
1341, 0.42
1342, 0.15
1343, 0.51
1344, 0.82
1345, 0.77
1346, 0.21
1347, 0.50
1348, 0.43
1349, 0.83
1350, 0.48
1351, 0.52
1352, 0.09
1353, 0.49
1354, 0.50
1355, 0.84
1356, 0.49
1357, 0.50
1358, 0.87
1359, 0.49
1360, 0.51
1361, 0.50
1362, 0.85
1363, 0.49
1364, 0.83
1365, 0.48
1366, 0.86
1367, 0.89
1368, 0.84
1369, 0.84
1370, 0.90
1371, 0.51
1372, 0.85
1373, 0.16
1374, 0.14
1375, 0.86
1376, 0.48
1377, 0.43
1378, 0.50
1379, 0.87
1380, 0.85
1381, 0.52
1382, 0.08
1383, 0.53
1384, 0.75
1385, 0.56
1386, 0.91
1387, 0.50
1388, 0.84
1389, 0.50
1390, 0.48
1391, 0.94
1392, 0.23
1393, 0.84
1394, 0.89
1395, 0.49
1396, 0.51
1397, 0.51
1398, 0.48
1399, 0.87
1400, 0.85
1401, 0.52
1402, 0.49
1403, 0.53
1404, 0.45
1405, 0.13
1406, 0.82
1407, 0.89
1408, 0.86
1409, 0.83
1410, 0.81
1411, 0.57
1412, 0.82
1413, 0.81
1414, 0.50
1415, 0.43
1416, 0.53
1417, 0.86
1418, 0.50
1419, 0.55
1420, 0.46
1421, 0.50
1422, 0.86
1423, 0.47
1424, 0.52
1425, 0.82
1426, 0.53
1427, 0.83
1428, 0.84
1429, 0.50
1430, 0.88
1431, 0.85
1432, 0.85
1433, 0.82
1434, 0.85
1435, 0.08
1436, 0.75
1437, 0.51
1438, 0.45
1439, 0.57
1440, 0.51
1441, 0.47
1442, 0.79
1443, 0.50
1444, 0.84
1445, 0.07
1446, 0.37
1447, 0.42
1448, 0.48
1449, 0.42
1450, 0.82
1451, 0.89
1452, 0.87
1453, 0.85
1454, 0.49
1455, 0.81
1456, 0.54
1457, 0.52
1458, 0.40
1459, 0.53
1460, 0.52
1461, 0.49
1462, 0.50
1463, 0.52
1464, 0.81
1465, 0.42
1466, 0.84
1467, 0.40
1468, 0.51
1469, 0.51
1470, 0.44
1471, 0.77
1472, 0.50
1473, 0.41
1474, 0.48
1475, 0.86
1476, 0.52
1477, 0.51
1478, 0.49
1479, 0.44
1480, 0.85
1481, 0.50
1482, 0.50
1483, 0.85
1484, 0.77
1485, 0.86
1486, 0.52
1487, 0.84
1488, 0.14
1489, 0.50
1490, 0.04
1491, 0.84
1492, 0.90
1493, 0.48
1494, 0.85
1495, 0.89
1496, 0.49
1497, 0.55
1498, 0.39
1499, 0.50
1500, 0.60
1501, 0.46
1502, 0.46
1503, 0.88
1504, 0.53
1505, 0.37
1506, 0.86
1507, 0.52
1508, 0.85
1509, 0.51
1510, 0.86
1511, 0.48
1512, 0.08
1513, 0.52
1514, 0.54
1515, 0.53
1516, 0.50
1517, 0.43
1518, 0.87
1519, 0.19
1520, 0.50
1521, 0.49
1522, 0.50
1523, 0.06
1524, 0.52
1525, 0.83
1526, 0.44
1527, 0.07
1528, 0.86
1529, 0.86
1530, 0.53
1531, 0.84
1532, 0.50
1533, 0.89
1534, 0.84
1535, 0.87
1536, 0.52
1537, 0.89
1538, 0.86
1539, 0.82
1540, 0.49
1541, 0.85
1542, 0.86
1543, 0.51
1544, 0.51
1545, 0.55
1546, 0.88
1547, 0.81
1548, 0.85
1549, 0.84
1550, 0.44
1551, 0.52
1552, 0.93
1553, 0.50
1554, 0.84
1555, 0.41
1556, 0.80
1557, 0.86
1558, 0.81
1559, 0.46
1560, 0.85
1561, 0.55
1562, 0.10
1563, 0.09
1564, 0.84
1565, 0.84
1566, 0.52
1567, 0.82
1568, 0.51
1569, 0.76
1570, 0.83
1571, 0.49
1572, 0.92
1573, 0.04
1574, 0.44
1575, 0.17
1576, 0.86
1577, 0.90
1578, 0.84
1579, 0.83
1580, 0.05
1581, 0.49
1582, 0.86
1583, 0.52
1584, 0.44
1585, 0.85
1586, 0.43
1587, 0.48
1588, 0.82
1589, 0.86
1590, 0.81
1591, 0.86
1592, 0.52
1593, 0.52
1594, 0.54
1595, 0.09
1596, 0.84
1597, 0.87
1598, 0.88
1599, 0.17
1600, 0.36
1601, 0.77
1602, 0.56
1603, 0.85
1604, 0.51
1605, 0.42
1606, 0.53
1607, 0.84
1608, 0.47
1609, 0.46
1610, 0.84
1611, 0.20
1612, 0.44
1613, 0.44
1614, 0.82
1615, 0.81
1616, 0.82
1617, 0.50
1618, 0.90
1619, 0.82
1620, 0.83
1621, 0.51
1622, 0.83
1623, 0.85
1624, 0.83
1625, 0.84
1626, 0.52
1627, 0.83
1628, 0.85
1629, 0.49
1630, 0.93
1631, 0.86
1632, 0.50
1633, 0.50
1634, 0.52
1635, 0.83
1636, 0.89
1637, 0.83
1638, 0.59
1639, 0.50
1640, 0.41
1641, 0.53
1642, 0.83
1643, 0.84
1644, 0.51
1645, 0.50
1646, 0.42
1647, 0.82
1648, 0.56
1649, 0.41
1650, 0.51
1651, 0.42
1652, 0.19
1653, 0.88
1654, 0.49
1655, 0.87
1656, 0.50
1657, 0.45
1658, 0.51
1659, 0.52
1660, 0.54
1661, 0.06
1662, 0.49
1663, 0.53
1664, 0.85
1665, 0.86
1666, 0.52
1667, 0.50
1668, 0.16
1669, 0.83
1670, 0.48
1671, 0.83
1672, 0.48
1673, 0.87
1674, 0.83
1675, 0.05
1676, 0.46
1677, 0.49
1678, 0.87
1679, 0.83
1680, 0.86
1681, 0.85
1682, 0.83
1683, 0.47
1684, 0.52
1685, 0.86
1686, 0.87
1687, 0.85
1688, 0.04
1689, 0.52
1690, 0.85
1691, 0.50
1692, 0.52
1693, 0.42
1694, 0.82
1695, 0.48
1696, 0.85
1697, 0.90
1698, 0.50
1699, 0.54
1700, 0.50
1701, 0.88
1702, 0.94
1703, 0.84
1704, 0.49
1705, 0.46
1706, 0.84
1707, 0.52
1708, 0.50
1709, 0.51
1710, 0.51
1711, 0.56
1712, 0.84
1713, 0.76
1714, 0.50
1715, 0.49
1716, 0.85
1717, 0.83
1718, 0.42
1719, 0.42
1720, 0.49
1721, 0.83
1722, 0.50
1723, 0.51
1724, 0.42
1725, 0.82
1726, 0.83
1727, 0.48
1728, 0.51
1729, 0.79
1730, 0.20
1731, 0.50
1732, 0.84
1733, 0.83
1734, 0.47
1735, 0.83
1736, 0.82
1737, 0.20
1738, 0.82
1739, 0.54
1740, 0.81
1741, 0.85
1742, 0.57
1743, 0.06
1744, 0.44
1745, 0.83
1746, 0.51
1747, 0.54
1748, 0.47
1749, 0.49
1750, 0.85
1751, 0.50
1752, 0.50
1753, 0.89
1754, 0.83
1755, 0.90
1756, 0.49
1757, 0.86
1758, 0.79
1759, 0.85
1760, 0.81
1761, 0.87
1762, 0.51
1763, 0.86
1764, 0.83
1765, 0.91
1766, 0.54
1767, 0.80
1768, 0.53
1769, 0.14
1770, 0.53
1771, 0.85
1772, 0.52
1773, 0.47
1774, 0.85
1775, 0.51
1776, 0.52
1777, 0.49
1778, 0.83
1779, 0.17
1780, 0.83
1781, 0.46
1782, 0.51
1783, 0.49
1784, 0.42
1785, 0.83
1786, 0.84
1787, 0.79
1788, 0.85
1789, 0.50
1790, 0.85
1791, 0.09
1792, 0.83
1793, 0.85
1794, 0.50
1795, 0.40
1796, 0.41
1797, 0.84
1798, 0.48
1799, 0.50
1800, 0.50
1801, 0.49
1802, 0.80
1803, 0.98
1804, 0.16
1805, 0.84
1806, 0.86
1807, 0.86
1808, 0.52
1809, 0.53
1810, 0.85
1811, 0.54
1812, 0.52
1813, 0.82
1814, 0.84
1815, 0.51
1816, 0.10
1817, 0.51
1818, 0.50
1819, 0.46
1820, 0.51
1821, 0.50
1822, 0.52
1823, 0.06
1824, 0.76
1825, 0.85
1826, 0.48
1827, 0.18
1828, 0.45
1829, 0.85
1830, 0.49
1831, 0.84
1832, 0.51
1833, 0.82
1834, 0.84
1835, 0.42
1836, 0.93
1837, 0.50
1838, 0.79
1839, 0.44
1840, 0.50
1841, 0.49
1842, 0.47
1843, 0.41
1844, 0.50
1845, 0.82
1846, 0.47
1847, 0.45
1848, 0.51
1849, 0.53
1850, 0.84
1851, 0.59
1852, 0.47
1853, 0.83
1854, 0.86
1855, 0.52
1856, 0.83
1857, 0.04
1858, 0.39
1859, 0.84
1860, 0.10
1861, 0.80
1862, 0.82
1863, 0.39
1864, 0.50
1865, 0.52
1866, 0.85
1867, 0.81
1868, 0.16
1869, 0.86
1870, 0.19
1871, 0.82
1872, 0.82
1873, 0.95
1874, 0.50
1875, 0.48
1876, 0.87
1877, 0.87
1878, 0.50
1879, 0.91
1880, 0.83
1881, 0.82
1882, 0.88
1883, 0.42
1884, 0.82
1885, 0.12
1886, 0.48
1887, 0.41
1888, 0.51
1889, 0.86
1890, 0.21
1891, 0.84
1892, 0.81
1893, 0.81
1894, 0.47
1895, 0.87
1896, 0.47
1897, 0.48
1898, 0.16
1899, 0.91
1900, 0.52
1901, 0.50
1902, 0.83
1903, 0.52
1904, 0.51
1905, 0.86
1906, 0.85
1907, 0.86
1908, 0.76
1909, 0.86
1910, 0.49
1911, 0.48
1912, 0.82
1913, 0.51
1914, 0.51
1915, 0.17
1916, 0.83
1917, 0.86
1918, 0.45
1919, 0.80
1920, 0.51
1921, 0.86
1922, 0.52
1923, 0.53
1924, 0.84
1925, 0.45
1926, 0.50
1927, 0.51
1928, 0.53
1929, 0.50
1930, 0.43
1931, 0.52
1932, 0.38
1933, 0.85
1934, 0.49
1935, 0.50
1936, 0.84
1937, 0.20
1938, 0.82
1939, 0.83
1940, 0.84
1941, 0.84
1942, 0.85
1943, 0.83
1944, 0.85
1945, 0.53
1946, 0.92
1947, 0.39
1948, 0.49
1949, 0.83
1950, 0.50
1951, 0.51
1952, 0.54
1953, 0.88
1954, 0.53
1955, 0.83
1956, 0.85
1957, 0.76
1958, 0.52
1959, 0.57
1960, 0.41
1961, 0.89
1962, 0.82
1963, 0.86
1964, 0.84
1965, 0.83
1966, 0.48
1967, 0.46
1968, 0.41
1969, 0.49
1970, 0.84
1971, 0.83
1972, 0.53
1973, 0.47
1974, 0.50
1975, 0.49
1976, 0.49
1977, 0.46
1978, 0.55
1979, 0.84
1980, 0.53
1981, 0.81
1982, 0.47
1983, 0.48
1984, 0.49
1985, 0.51
1986, 0.84
1987, 0.47
1988, 0.49
1989, 0.87
1990, 0.85
1991, 0.49
1992, 0.92
1993, 0.51
1994, 0.87
1995, 0.23
1996, 0.82
1997, 0.45
1998, 0.87
1999, 0.50
2000, 0.83
2001, 0.40
2002, 0.47
2003, 0.53
2004, 0.88
2005, 0.85
2006, 0.87
2007, 0.92
2008, 0.42
2009, 0.84
2010, 0.85
2011, 0.93
2012, 0.49
2013, 0.53
2014, 0.89
2015, 0.81
2016, 0.84
2017, 0.15
2018, 0.89
2019, 0.42
2020, 0.51
2021, 0.83
2022, 0.50
2023, 0.43
2024, 0.14
2025, 0.53
2026, 0.86
2027, 0.86
2028, 0.84
2029, 0.83
2030, 0.45
2031, 0.78
2032, 0.50
2033, 0.48
2034, 0.84
2035, 0.79
2036, 0.83
2037, 0.17
2038, 0.85
2039, 0.48
2040, 0.42
2041, 0.16
2042, 0.85
2043, 0.48
2044, 0.47
2045, 0.81
2046, 0.90
2047, 0.48
2048, 0.85
2049, 0.52
2050, 0.18
2051, 0.40
2052, 0.79
2053, 0.86
2054, 0.49
2055, 0.82
2056, 0.83
2057, 0.48
2058, 0.49
2059, 0.53
2060, 0.80
2061, 0.87
2062, 0.14
2063, 0.52
2064, 0.48
2065, 0.85
2066, 0.42
2067, 0.85
2068, 0.13
2069, 0.10
2070, 0.87
2071, 0.49
2072, 0.40
2073, 0.56
2074, 0.51
2075, 0.78
2076, 0.52
2077, 0.52
2078, 0.86
2079, 0.45
2080, 0.59
2081, 0.84
2082, 0.52
2083, 0.17
2084, 0.84
2085, 0.11
2086, 0.76
2087, 0.82
2088, 0.88
2089, 0.82
2090, 0.85
2091, 0.51
2092, 0.87
2093, 0.83
2094, 0.15
2095, 0.51
2096, 0.52
2097, 0.42
2098, 0.49
2099, 0.54
2100, 0.10
2101, 0.53
2102, 0.53
2103, 0.78
2104, 0.40
2105, 0.84
2106, 0.85
2107, 0.81
2108, 0.51
2109, 0.89
2110, 0.86
2111, 0.86
2112, 0.50
2113, 0.54
2114, 0.45
2115, 0.81
2116, 0.50
2117, 0.51
2118, 0.10
2119, 0.44
2120, 0.77
2121, 0.14
2122, 0.50
2123, 0.50
2124, 0.56
2125, 0.48
2126, 0.80
2127, 0.86
2128, 0.54
2129, 0.86
2130, 0.80
2131, 0.48
2132, 0.52
2133, 0.79
2134, 0.85
2135, 0.86
2136, 0.53
2137, 0.87
2138, 0.86
2139, 0.52
2140, 0.59
2141, 0.89
2142, 0.23
2143, 0.74
2144, 0.50
2145, 0.84
2146, 0.85
2147, 0.52
2148, 0.52
2149, 0.42
2150, 0.05
2151, 0.59
2152, 0.85
2153, 0.49
2154, 0.89
2155, 0.94
2156, 0.49
2157, 0.86
2158, 0.85
2159, 0.47
2160, 0.59
2161, 0.87
2162, 0.56
2163, 0.09
2164, 0.41
2165, 0.50
2166, 0.84
2167, 0.83
2168, 0.85
2169, 0.85
2170, 0.43
2171, 0.52
2172, 0.45
2173, 0.84
2174, 0.57
2175, 0.52
2176, 0.83
2177, 0.53
2178, 0.46
2179, 0.86
2180, 0.54
2181, 0.49
2182, 0.85
2183, 0.51
2184, 0.51
2185, 0.84
2186, 0.85
2187, 0.40
2188, 0.94
2189, 0.53
2190, 0.40
2191, 0.42
2192, 0.50
2193, 0.83
2194, 0.48
2195, 0.75
2196, 0.84
2197, 0.40
2198, 0.44
2199, 0.49
2200, 0.84
2201, 0.84
2202, 0.82
2203, 0.86
2204, 0.86
2205, 0.08
2206, 0.42
2207, 0.51
2208, 0.43
2209, 0.04
2210, 0.84
2211, 0.53
2212, 0.85
2213, 0.87
2214, 0.40
2215, 0.82
2216, 0.41
2217, 0.86
2218, 0.51
2219, 0.51
2220, 0.84
2221, 0.84
2222, 0.84
2223, 0.22
2224, 0.42
2225, 0.84
2226, 0.87
2227, 0.47
2228, 0.50
2229, 0.52
2230, 0.81
2231, 0.83
2232, 0.84
2233, 0.81
2234, 0.83
2235, 0.83
2236, 0.13
2237, 0.55
2238, 0.51
2239, 0.50
2240, 0.87
2241, 0.80
2242, 0.85
2243, 0.88
2244, 0.15
2245, 0.85
2246, 0.86
2247, 0.18
2248, 0.49
2249, 0.50
2250, 0.49
2251, 0.83
2252, 0.51
2253, 0.50
2254, 0.42
2255, 0.82
2256, 0.14
2257, 0.53
2258, 0.51
2259, 0.11
2260, 0.81
2261, 0.83
2262, 0.83
2263, 0.17
2264, 0.46
2265, 0.09
2266, 0.83
2267, 0.10
2268, 0.83
2269, 0.87
2270, 0.44
2271, 0.51
2272, 0.87
2273, 0.49
2274, 0.42
2275, 0.49
2276, 0.47
2277, 0.50
2278, 0.47
2279, 0.07
2280, 0.89
2281, 0.87
2282, 0.48
2283, 0.52
2284, 0.84
2285, 0.87
2286, 0.80
2287, 0.50
2288, 0.81
2289, 0.89
2290, 0.86
2291, 0.51
2292, 0.82
2293, 0.85
2294, 0.81
2295, 0.85
2296, 0.52
2297, 0.87
2298, 0.48
2299, 0.43
2300, 0.81
2301, 0.16
2302, 0.06
2303, 0.48
2304, 0.49
2305, 0.77
2306, 0.16
2307, 0.82
2308, 0.52
2309, 0.58
2310, 0.48
2311, 0.84
2312, 0.45
2313, 0.49
2314, 0.51
2315, 0.51
2316, 0.45
2317, 0.50
2318, 0.89
2319, 0.48
2320, 0.51
2321, 0.84
2322, 0.35
2323, 0.49
2324, 0.49
2325, 0.82
2326, 0.11
2327, 0.08
2328, 0.47
2329, 0.45
2330, 0.87
2331, 0.58
2332, 0.49
2333, 0.84
2334, 0.15
2335, 0.52
2336, 0.79
2337, 0.18
2338, 0.52
2339, 0.82
2340, 0.49
2341, 0.85
2342, 0.46
2343, 0.83
2344, 0.52
2345, 0.52
2346, 0.85
2347, 0.84
2348, 0.83
2349, 0.52
2350, 0.50
2351, 0.82
2352, 0.83
2353, 0.50
2354, 0.87
2355, 0.52
2356, 0.16
2357, 0.77
2358, 0.51
2359, 0.41
2360, 0.49
2361, 0.85
2362, 0.82
2363, 0.87
2364, 0.88
2365, 0.87
2366, 0.47
2367, 0.39
2368, 0.82
2369, 0.53
2370, 0.83
2371, 0.83
2372, 0.85
2373, 0.50
2374, 0.49
2375, 0.87
2376, 0.55
2377, 0.51
2378, 0.79
2379, 0.52
2380, 0.51
2381, 0.08
2382, 0.51
2383, 0.49
2384, 0.47
2385, 0.83
2386, 0.50
2387, 0.81
2388, 0.51
2389, 0.83
2390, 0.85
2391, 0.84
2392, 0.83
2393, 0.49
2394, 0.43
2395, 0.52
2396, 0.12
2397, 0.82
2398, 0.80
2399, 0.40
2400, 0.54
2401, 0.51
2402, 0.48
2403, 0.49
2404, 0.59
2405, 0.49
2406, 0.52
2407, 0.54
2408, 0.86
2409, 0.42
2410, 0.53
2411, 0.81
2412, 0.48
2413, 0.82
2414, 0.50
2415, 0.16
2416, 0.86
2417, 0.47
2418, 0.84
2419, 0.89
2420, 0.56
2421, 0.84
2422, 0.85
2423, 0.51
2424, 0.89
2425, 0.81
2426, 0.55
2427, 0.51
2428, 0.51
2429, 0.52
2430, 0.50
2431, 0.52
2432, 0.86
2433, 0.84
2434, 0.83
2435, 0.61
2436, 0.50
2437, 0.54
2438, 0.48
2439, 0.48
2440, 0.10
2441, 0.46
2442, 0.81
2443, 0.49
2444, 0.17
2445, 0.55
2446, 0.52
2447, 0.51
2448, 0.84
2449, 0.92
2450, 0.87
2451, 0.52
2452, 0.47
2453, 0.45
2454, 0.49
2455, 0.91
2456, 0.83
2457, 0.55
2458, 0.52
2459, 0.49
2460, 0.83
2461, 0.92
2462, 0.52
2463, 0.84
2464, 0.55
2465, 0.51
2466, 0.02
2467, 0.83
2468, 0.79
2469, 0.14
2470, 0.16
2471, 0.79
2472, 0.51
2473, 0.52
2474, 0.78
2475, 0.85
2476, 0.89
2477, 0.84
2478, 0.45
2479, 0.78
2480, 0.50
2481, 0.81
2482, 0.79
2483, 0.51
2484, 0.55
2485, 0.75
2486, 0.86
2487, 0.51
2488, 0.88
2489, 0.84
2490, 0.50
2491, 0.47
2492, 0.51
2493, 0.48
2494, 0.84
2495, 0.41
2496, 0.83
2497, 0.49
2498, 0.83
2499, 0.52
2500, 0.52
2501, 0.52
2502, 0.06
2503, 0.42
2504, 0.49
2505, 0.80
2506, 0.85
2507, 0.50
2508, 0.53
2509, 0.48
2510, 0.83
2511, 0.77
2512, 0.85
2513, 0.84
2514, 0.82
2515, 0.74
2516, 0.86
2517, 0.51
2518, 0.51
2519, 0.50
2520, 0.51
2521, 0.52
2522, 0.23
2523, 0.84
2524, 0.45
2525, 0.84
2526, 0.15
2527, 0.54
2528, 0.50
2529, 0.88
2530, 0.83
2531, 0.85
2532, 0.52
2533, 0.50
2534, 0.49
2535, 0.43
2536, 0.49
2537, 0.83
2538, 0.84
2539, 0.55
2540, 0.49
2541, 0.54
2542, 0.41
2543, 0.89
2544, 0.80
2545, 0.87
2546, 0.43
2547, 0.80
2548, 0.83
2549, 0.48
2550, 0.82
2551, 0.86
2552, 0.54
2553, 0.82
2554, 0.87
2555, 0.48
2556, 0.41
2557, 0.51
2558, 0.48
2559, 0.52
2560, 0.55
2561, 0.07
2562, 0.81
2563, 0.80
2564, 0.42
2565, 0.49
2566, 0.49
2567, 0.54
2568, 0.77
2569, 0.82
2570, 0.88
2571, 0.45
2572, 0.84
2573, 0.85
2574, 0.46
2575, 0.52
2576, 0.64
2577, 0.52
2578, 0.81
2579, 0.50
2580, 0.84
2581, 0.54
2582, 0.48
2583, 0.86
2584, 0.85
2585, 0.49
2586, 0.85
2587, 0.84
2588, 0.40
2589, 0.42
2590, 0.49
2591, 0.52
2592, 0.88
2593, 0.49
2594, 0.51
2595, 0.88
2596, 0.07
2597, 0.84
2598, 0.85
2599, 0.15
2600, 0.84
2601, 0.46
2602, 0.52
2603, 0.84
2604, 0.44
2605, 0.49
2606, 0.85
2607, 0.85
2608, 0.84
2609, 0.52
2610, 0.48
2611, 0.49
2612, 0.51
2613, 0.56
2614, 0.50
2615, 0.85
2616, 0.85
2617, 0.49
2618, 0.49
2619, 0.44
2620, 0.90
2621, 0.49
2622, 0.87
2623, 0.49
2624, 0.18
2625, 0.51
2626, 0.49
2627, 0.87
2628, 0.63
2629, 0.52
2630, 0.82
2631, 0.48
2632, 0.49
2633, 0.84
2634, 0.54
2635, 0.47
2636, 0.54
2637, 0.55
2638, 0.39
2639, 0.86
2640, 0.84
2641, 0.49
2642, 0.85
2643, 0.83
2644, 0.44
2645, 0.83
2646, 0.46
2647, 0.85
2648, 0.57
2649, 0.84
2650, 0.83
2651, 0.14
2652, 0.84
2653, 0.43
2654, 0.91
2655, 0.84
2656, 0.90
2657, 0.84
2658, 0.86
2659, 0.54
2660, 0.85
2661, 0.85
2662, 0.86
2663, 0.84
2664, 0.49
2665, 0.85
2666, 0.84
2667, 0.13
2668, 0.84
2669, 0.43
2670, 0.87
2671, 0.83
2672, 0.43
2673, 0.56
2674, 0.50
2675, 0.41
2676, 0.51
2677, 0.80
2678, 0.84
2679, 0.83
2680, 0.84
2681, 0.83
2682, 0.54
2683, 0.82
2684, 0.52
2685, 0.17
2686, 0.89
2687, 0.83
2688, 0.19
2689, 0.84
2690, 0.54
2691, 0.49
2692, 0.82
2693, 0.44
2694, 0.85
2695, 0.50
2696, 0.52
2697, 0.83
2698, 0.83
2699, 0.51
2700, 0.52
2701, 0.21
2702, 0.85
2703, 0.86
2704, 0.47
2705, 0.53
2706, 0.80
2707, 0.15
2708, 0.52
2709, 0.87
2710, 0.84
2711, 0.48
2712, 0.86
2713, 0.84
2714, 0.47
2715, 0.57
2716, 0.50
2717, 0.06
2718, 0.84
2719, 0.55
2720, 0.83
2721, 0.49
2722, 0.52
2723, 0.60
2724, 0.86
2725, 0.49
2726, 0.87
2727, 0.85
2728, 0.52
2729, 0.80
2730, 0.53
2731, 0.84
2732, 0.89
2733, 0.43
2734, 0.50
2735, 0.52
2736, 0.81
2737, 0.53
2738, 0.86
2739, 0.16
2740, 0.86
2741, 0.86
2742, 0.79
2743, 0.82
2744, 0.41
2745, 0.86
2746, 0.48
2747, 0.59
2748, 0.83
2749, 0.50
2750, 0.85
2751, 0.58
2752, 0.53
2753, 0.90
2754, 0.88
2755, 0.88
2756, 0.05
2757, 0.51
2758, 0.85
2759, 0.84
2760, 0.80
2761, 0.50
2762, 0.53
2763, 0.53
2764, 0.84
2765, 0.85
2766, 0.16
2767, 0.81
2768, 0.91
2769, 0.51
2770, 0.47
2771, 0.52
2772, 0.49
2773, 0.50
2774, 0.86
2775, 0.52
2776, 0.82
2777, 0.82
2778, 0.49
2779, 0.50
2780, 0.52
2781, 0.87
2782, 0.03
2783, 0.85
2784, 0.87
2785, 0.81
2786, 0.85
2787, 0.90
2788, 0.49
2789, 0.86
2790, 0.53
2791, 0.84
2792, 0.83
2793, 0.52
2794, 0.83
2795, 0.60
2796, 0.55
2797, 0.50
2798, 0.90
2799, 0.50
2800, 0.51
2801, 0.41
2802, 0.46
2803, 0.85
2804, 0.41
2805, 0.53
2806, 0.42
2807, 0.51
2808, 0.84
2809, 0.77
2810, 0.44
2811, 0.44
2812, 0.54
2813, 0.51
2814, 0.84
2815, 0.81
2816, 0.81
2817, 0.49
2818, 0.12
2819, 0.49
2820, 0.84
2821, 0.86
2822, 0.54
2823, 0.41
2824, 0.78
2825, 0.41
2826, 0.85
2827, 0.47
2828, 0.15
2829, 0.91
2830, 0.45
2831, 0.82
2832, 0.50
2833, 0.47
2834, 0.87
2835, 0.85
2836, 0.45
2837, 0.84
2838, 0.84
2839, 0.55
2840, 0.89
2841, 0.45
2842, 0.51
2843, 0.79
2844, 0.49
2845, 0.82
2846, 0.51
2847, 0.46
2848, 0.82
2849, 0.56
2850, 0.86
2851, 0.83
2852, 0.51
2853, 0.86
2854, 0.81
2855, 0.91
2856, 0.47
2857, 0.84
2858, 0.51
2859, 0.78
2860, 0.38
2861, 0.17
2862, 0.81
2863, 0.18
2864, 0.84
2865, 0.55
2866, 0.42
2867, 0.47
2868, 0.55
2869, 0.79
2870, 0.24
2871, 0.04
2872, 0.48
2873, 0.84
2874, 0.84
2875, 0.49
2876, 0.40
2877, 0.50
2878, 0.88
2879, 0.52
2880, 0.80
2881, 0.82
2882, 0.82
2883, 0.85
2884, 0.88
2885, 0.53
2886, 0.57
2887, 0.85
2888, 0.52
2889, 0.85
2890, 0.51
2891, 0.84
2892, 0.80
2893, 0.82
2894, 0.18
2895, 0.50
2896, 0.92
2897, 0.41
2898, 0.86
2899, 0.85
2900, 0.48
2901, 0.82
2902, 0.78
2903, 0.83
2904, 0.51
2905, 0.47
2906, 0.51
2907, 0.84
2908, 0.55
2909, 0.53
2910, 0.84
2911, 0.84
2912, 0.48
2913, 0.50
2914, 0.47
2915, 0.86
2916, 0.13
2917, 0.44
2918, 0.80
2919, 0.52
2920, 0.48
2921, 0.84
2922, 0.83
2923, 0.50
2924, 0.84
2925, 0.55
2926, 0.17
2927, 0.85
2928, 0.81
2929, 0.51
2930, 0.49
2931, 0.82
2932, 0.50
2933, 0.86
2934, 0.49
2935, 0.77
2936, 0.85
2937, 0.48
2938, 0.82
2939, 0.07
2940, 0.54
2941, 0.43
2942, 0.50
2943, 0.92
2944, 0.51
2945, 0.07
2946, 0.56
2947, 0.79
2948, 0.86
2949, 0.90
2950, 0.10
2951, 0.83
2952, 0.84
2953, 0.82
2954, 0.86
2955, 0.83
2956, 0.87
2957, 0.81
2958, 0.45
2959, 0.10
2960, 0.85
2961, 0.53
2962, 0.51
2963, 0.84
2964, 0.52
2965, 0.51
2966, 0.54
2967, 0.82
2968, 0.43
2969, 0.82
2970, 0.42
2971, 0.51
2972, 0.50
2973, 0.81
2974, 0.91
2975, 0.47
2976, 0.89
2977, 0.55
2978, 0.87
2979, 0.52
2980, 0.50
2981, 0.88
2982, 0.54
2983, 0.49
2984, 0.47
2985, 0.97
2986, 0.85
2987, 0.41
2988, 0.48
2989, 0.08
2990, 0.82
2991, 0.83
2992, 0.83
2993, 0.47
2994, 0.87
2995, 0.88
2996, 0.52
2997, 0.83
2998, 0.51
2999, 0.59
3000, 0.53
3001, 0.49
3002, 0.83
3003, 0.87
3004, 0.80
3005, 0.49
3006, 0.15
3007, 0.53
3008, 0.49
3009, 0.19
3010, 0.49
3011, 0.49
3012, 0.51
3013, 0.17
3014, 0.83
3015, 0.84
3016, 0.13
3017, 0.84
3018, 0.87
3019, 0.51
3020, 0.87
3021, 0.54
3022, 0.49
3023, 0.59
3024, 0.53
3025, 0.87
3026, 0.48
3027, 0.48
3028, 0.73
3029, 0.51
3030, 0.83
3031, 0.50
3032, 0.78
3033, 0.47
3034, 0.48
3035, 0.59
3036, 0.86
3037, 0.51
3038, 0.51
3039, 0.53
3040, 0.57
3041, 0.41
3042, 0.08
3043, 0.51
3044, 0.85
3045, 0.87
3046, 0.58
3047, 0.06
3048, 0.49
3049, 0.49
3050, 0.47
3051, 0.87
3052, 0.57
3053, 0.50
3054, 0.53
3055, 0.17
3056, 0.19
3057, 0.80
3058, 0.91
3059, 0.52
3060, 0.82
3061, 0.85
3062, 0.48
3063, 0.38
3064, 0.08
3065, 0.84
3066, 0.51
3067, 0.88
3068, 0.50
3069, 0.86
3070, 0.88
3071, 0.49
3072, 0.90
3073, 0.49
3074, 0.50
3075, 0.41
3076, 0.53
3077, 0.54
3078, 0.51
3079, 0.57
3080, 0.49
3081, 0.82
3082, 0.85
3083, 0.08
3084, 0.84
3085, 0.48
3086, 0.76
3087, 0.83
3088, 0.84
3089, 0.85
3090, 0.80
3091, 0.86
3092, 0.17
3093, 0.53
3094, 0.85
3095, 0.86
3096, 0.51
3097, 0.50
3098, 0.84
3099, 0.47
3100, 0.90
3101, 0.50
3102, 0.49
3103, 0.52
3104, 0.42
3105, 0.19
3106, 0.50
3107, 0.47
3108, 0.49
3109, 0.43
3110, 0.85
3111, 0.52
3112, 0.79
3113, 0.81
3114, 0.53
3115, 0.84
3116, 0.51
3117, 0.86
3118, 0.81
3119, 0.84
3120, 0.53
3121, 0.48
3122, 0.49
3123, 0.53
3124, 0.86
3125, 0.82
3126, 0.85
3127, 0.53
3128, 0.49
3129, 0.89
3130, 0.79
3131, 0.17
3132, 0.50
3133, 0.87
3134, 0.84
3135, 0.89
3136, 0.86
3137, 0.85
3138, 0.82
3139, 0.40
3140, 0.54
3141, 0.52
3142, 0.81
3143, 0.84
3144, 0.88
3145, 0.44
3146, 0.84
3147, 0.48
3148, 0.83
3149, 0.52
3150, 0.48
3151, 0.49
3152, 0.50
3153, 0.55
3154, 0.82
3155, 0.43
3156, 0.84
3157, 0.89
3158, 0.83
3159, 0.89
3160, 0.83
3161, 0.18
3162, 0.55
3163, 0.80
3164, 0.86
3165, 0.85
3166, 0.91
3167, 0.44
3168, 0.54
3169, 0.45
3170, 0.88
3171, 0.44
3172, 0.85
3173, 0.80
3174, 0.21
3175, 0.82
3176, 0.82
3177, 0.51
3178, 0.87
3179, 0.44
3180, 0.12
3181, 0.84
3182, 0.87
3183, 0.50
3184, 0.83
3185, 0.47
3186, 0.05
3187, 0.44
3188, 0.54
3189, 0.90
3190, 0.84
3191, 0.83
3192, 0.83
3193, 0.51
3194, 0.88
3195, 0.49
3196, 0.46
3197, 0.55
3198, 0.49
3199, 0.47
3200, 0.51
3201, 0.83
3202, 0.83
3203, 0.85
3204, 0.87
3205, 0.49
3206, 0.86
3207, 0.83
3208, 0.45
3209, 0.51
3210, 0.81
3211, 0.84
3212, 0.88
3213, 0.40
3214, 0.48
3215, 0.59
3216, 0.41
3217, 0.85
3218, 0.87
3219, 0.83
3220, 0.50
3221, 0.79
3222, 0.86
3223, 0.53
3224, 0.50
3225, 0.86
3226, 0.47
3227, 0.83
3228, 0.48
3229, 0.51
3230, 0.51
3231, 0.52
3232, 0.83
3233, 0.80
3234, 0.86
3235, 0.51
3236, 0.53
3237, 0.51
3238, 0.86
3239, 0.48
3240, 0.48
3241, 0.50
3242, 0.48
3243, 0.53
3244, 0.49
3245, 0.47
3246, 0.86
3247, 0.84
3248, 0.81
3249, 0.80
3250, 0.43
3251, 0.81
3252, 0.82
3253, 0.82
3254, 0.87
3255, 0.88
3256, 0.52
3257, 0.51
3258, 0.84
3259, 0.53
3260, 0.43
3261, 0.12
3262, 0.52
3263, 0.57
3264, 0.46
3265, 0.86
3266, 0.85
3267, 0.41
3268, 0.84
3269, 0.90
3270, 0.87
3271, 0.41
3272, 0.54
3273, 0.47
3274, 0.90
3275, 0.83
3276, 0.50
3277, 0.49
3278, 0.50
3279, 0.84
3280, 0.88
3281, 0.50
3282, 0.53
3283, 0.42
3284, 0.53
3285, 0.49
3286, 0.90
3287, 0.53
3288, 0.18
3289, 0.49
3290, 0.41
3291, 0.88
3292, 0.81
3293, 0.84
3294, 0.45
3295, 0.41
3296, 0.81
3297, 0.43
3298, 0.54
3299, 0.54
3300, 0.52
3301, 0.88
3302, 0.53
3303, 0.52
3304, 0.83
3305, 0.44
3306, 0.50
3307, 0.85
3308, 0.50
3309, 0.83
3310, 0.86
3311, 0.49
3312, 0.85
3313, 0.81
3314, 0.55
3315, 0.52
3316, 0.42
3317, 0.87
3318, 0.55
3319, 0.50
3320, 0.52
3321, 0.82
3322, 0.83
3323, 0.49
3324, 0.51
3325, 0.12
3326, 0.49
3327, 0.09
3328, 0.85
3329, 0.13
3330, 0.51
3331, 0.83
3332, 0.80
3333, 0.19
3334, 0.50
3335, 0.81
3336, 0.49
3337, 0.77
3338, 0.43
3339, 0.90
3340, 0.86
3341, 0.51
3342, 0.81
3343, 0.38
3344, 0.54
3345, 0.92
3346, 0.83
3347, 0.47
3348, 0.48
3349, 0.47
3350, 0.16
3351, 0.81
3352, 0.06
3353, 0.18
3354, 0.40
3355, 0.43
3356, 0.91
3357, 0.20
3358, 0.43
3359, 0.80
3360, 0.80
3361, 0.94
3362, 0.83
3363, 0.18
3364, 0.40
3365, 0.85
3366, 0.50
3367, 0.49
3368, 0.39
3369, 0.53
3370, 0.52
3371, 0.50
3372, 0.51
3373, 0.52
3374, 0.90
3375, 0.85
3376, 0.15
3377, 0.50
3378, 0.54
3379, 0.51
3380, 0.46
3381, 0.49
3382, 0.48
3383, 0.47
3384, 0.10
3385, 0.84
3386, 0.81
3387, 0.52
3388, 0.51
3389, 0.85
3390, 0.82
3391, 0.83
3392, 0.51
3393, 0.43
3394, 0.16
3395, 0.81
3396, 0.84
3397, 0.83
3398, 0.42
3399, 0.85
3400, 0.93
3401, 0.79
3402, 0.61
3403, 0.50
3404, 0.91
3405, 0.47
3406, 0.81
3407, 0.14
3408, 0.09
3409, 0.40
3410, 0.50
3411, 0.53
3412, 0.86
3413, 0.56
3414, 0.86
3415, 0.84
3416, 0.42
3417, 0.84
3418, 0.49
3419, 0.50
3420, 0.45
3421, 0.47
3422, 0.87
3423, 0.41
3424, 0.88
3425, 0.86
3426, 0.85
3427, 0.87
3428, 0.50
3429, 0.86
3430, 0.84
3431, 0.78
3432, 0.41
3433, 0.50
3434, 0.16
3435, 0.49
3436, 0.50
3437, 0.84
3438, 0.42
3439, 0.51
3440, 0.49
3441, 0.45
3442, 0.44
3443, 0.20
3444, 0.83
3445, 0.50
3446, 0.59
3447, 0.87
3448, 0.50
3449, 0.51
3450, 0.41
3451, 0.84
3452, 0.72
3453, 0.49
3454, 0.84
3455, 0.50
3456, 0.09
3457, 0.83
3458, 0.80
3459, 0.47
3460, 0.52
3461, 0.41
3462, 0.49
3463, 0.85
3464, 0.60
3465, 0.42
3466, 0.51
3467, 0.83
3468, 0.44
3469, 0.78
3470, 0.43
3471, 0.86
3472, 0.52
3473, 0.54
3474, 0.78
3475, 0.92
3476, 0.88
3477, 0.39
3478, 0.89
3479, 0.86
3480, 0.49
3481, 0.50
3482, 0.50
3483, 0.83
3484, 0.50
3485, 0.88
3486, 0.85
3487, 0.82
3488, 0.49
3489, 0.85
3490, 0.98
3491, 0.50
3492, 0.85
3493, 0.79
3494, 0.16
3495, 0.51
3496, 0.52
3497, 0.49
3498, 0.88
3499, 0.75
3500, 0.45
3501, 0.49
3502, 0.53
3503, 0.52
3504, 0.10
3505, 0.86
3506, 0.52
3507, 0.15
3508, 0.48
3509, 0.49
3510, 0.87
3511, 0.86
3512, 0.46
3513, 0.85
3514, 0.85
3515, 0.08
3516, 0.85
3517, 0.83
3518, 0.53
3519, 0.47
3520, 0.52
3521, 0.86
3522, 0.54
3523, 0.87
3524, 0.50
3525, 0.83
3526, 0.51
3527, 0.52
3528, 0.85
3529, 0.48
3530, 0.85
3531, 0.83
3532, 0.48
3533, 0.83
3534, 0.53
3535, 0.52
3536, 0.22
3537, 0.51
3538, 0.51
3539, 0.76
3540, 0.84
3541, 0.81
3542, 0.43
3543, 0.82
3544, 0.44
3545, 0.52
3546, 0.54
3547, 0.85
3548, 0.49
3549, 0.09
3550, 0.51
3551, 0.52
3552, 0.85
3553, 0.85
3554, 0.82
3555, 0.46
3556, 0.80
3557, 0.12
3558, 0.50
3559, 0.88
3560, 0.51
3561, 0.85
3562, 0.14
3563, 0.41
3564, 0.49
3565, 0.54
3566, 0.83
3567, 0.83
3568, 0.39
3569, 0.84
3570, 0.49
3571, 0.86
3572, 0.39
3573, 0.88
3574, 0.86
3575, 0.52
3576, 0.46
3577, 0.40
3578, 0.56
3579, 0.49
3580, 0.42
3581, 0.89
3582, 0.52
3583, 0.58
3584, 0.50
3585, 0.86
3586, 0.85
3587, 0.46
3588, 0.44
3589, 0.53
3590, 0.15
3591, 0.86
3592, 0.83
3593, 0.48
3594, 0.17
3595, 0.86
3596, 0.50
3597, 0.46
3598, 0.49
3599, 0.85
3600, 0.50
3601, 0.16
3602, 0.42
3603, 0.86
3604, 0.48
3605, 0.51
3606, 0.83
3607, 0.42
3608, 0.85
3609, 0.87
3610, 0.24
3611, 0.82
3612, 0.83
3613, 0.50
3614, 0.82
3615, 0.50
3616, 0.82
3617, 0.83
3618, 0.52
3619, 0.50
3620, 0.53
3621, 0.41
3622, 0.49
3623, 0.82
3624, 0.89
3625, 0.80
3626, 0.51
3627, 0.50
3628, 0.16
3629, 0.81
3630, 0.53
3631, 0.82
3632, 0.83
3633, 0.52
3634, 0.85
3635, 0.86
3636, 0.85
3637, 0.48
3638, 0.85
3639, 0.51
3640, 0.48
3641, 0.57
3642, 0.85
3643, 0.83
3644, 0.83
3645, 0.19
3646, 0.79
3647, 0.84
3648, 0.84
3649, 0.51
3650, 0.50
3651, 0.47
3652, 0.48
3653, 0.92
3654, 0.82
3655, 0.88
3656, 0.48
3657, 0.53
3658, 0.60
3659, 0.80
3660, 0.97
3661, 0.59
3662, 0.52
3663, 0.52
3664, 0.81
3665, 0.77
3666, 0.80
3667, 0.82
3668, 0.50
3669, 0.49
3670, 0.46
3671, 0.51
3672, 0.85
3673, 0.86
3674, 0.84
3675, 0.90
3676, 0.22
3677, 0.84
3678, 0.85
3679, 0.55
3680, 0.55
3681, 0.59
3682, 0.08
3683, 0.82
3684, 0.57
3685, 0.53
3686, 0.82
3687, 0.52
3688, 0.44
3689, 0.45
3690, 0.41
3691, 0.50
3692, 0.83
3693, 0.49
3694, 0.85
3695, 0.81
3696, 0.52
3697, 0.83
3698, 0.49
3699, 0.49
3700, 0.84
3701, 0.85
3702, 0.85
3703, 0.49
3704, 0.84
3705, 0.83
3706, 0.57
3707, 0.50
3708, 0.48
3709, 0.48
3710, 0.41
3711, 0.55
3712, 0.84
3713, 0.53
3714, 0.83
3715, 0.84
3716, 0.48
3717, 0.87
3718, 0.47
3719, 0.51
3720, 0.51
3721, 0.90
3722, 0.86
3723, 0.49
3724, 0.50
3725, 0.38
3726, 0.42
3727, 0.84
3728, 0.52
3729, 0.48
3730, 0.85
3731, 0.85
3732, 0.87
3733, 0.81
3734, 0.84
3735, 0.84
3736, 0.52
3737, 0.48
3738, 0.86
3739, 0.51
3740, 0.62
3741, 0.08
3742, 0.18
3743, 0.83
3744, 0.50
3745, 0.90
3746, 0.58
3747, 0.85
3748, 0.50
3749, 0.84
3750, 0.93
3751, 0.61
3752, 0.92
3753, 0.84
3754, 0.83
3755, 0.51
3756, 0.45
3757, 0.57
3758, 0.84
3759, 0.50
3760, 0.17
3761, 0.39
3762, 0.52
3763, 0.85
3764, 0.15
3765, 0.87
3766, 0.48
3767, 0.46
3768, 0.54
3769, 0.84
3770, 0.50
3771, 0.50
3772, 0.80
3773, 0.84
3774, 0.48
3775, 0.51
3776, 0.53
3777, 0.60
3778, 0.54
3779, 0.87
3780, 0.81
3781, 0.81
3782, 0.57
3783, 0.51
3784, 0.83
3785, 0.51
3786, 0.85
3787, 0.51
3788, 0.80
3789, 0.54
3790, 0.50
3791, 0.85
3792, 0.88
3793, 0.83
3794, 0.80
3795, 0.85
3796, 0.82
3797, 0.53
3798, 0.83
3799, 0.81
3800, 0.85
3801, 0.50
3802, 0.84
3803, 0.84
3804, 0.83
3805, 0.52
3806, 0.47
3807, 0.85
3808, 0.85
3809, 0.90
3810, 0.51
3811, 0.49
3812, 0.52
3813, 0.50
3814, 0.49
3815, 0.84
3816, 0.46
3817, 0.43
3818, 0.42
3819, 0.48
3820, 0.51
3821, 0.48
3822, 0.51
3823, 0.83
3824, 0.50
3825, 0.41
3826, 0.82
3827, 0.82
3828, 0.85
3829, 0.53
3830, 0.79
3831, 0.86
3832, 0.09
3833, 0.83
3834, 0.92
3835, 0.39
3836, 0.84
3837, 0.81
3838, 0.52
3839, 0.77
3840, 0.17
3841, 0.45
3842, 0.50
3843, 0.79
3844, 0.45
3845, 0.09
3846, 0.45
3847, 0.86
3848, 0.18
3849, 0.54
3850, 0.52
3851, 0.84
3852, 0.51
3853, 0.52
3854, 0.51
3855, 0.80
3856, 0.83
3857, 0.82
3858, 0.87
3859, 0.85
3860, 0.50
3861, 0.83
3862, 0.08
3863, 0.88
3864, 0.45
3865, 0.54
3866, 0.52
3867, 0.85
3868, 0.49
3869, 0.83
3870, 0.51
3871, 0.49
3872, 0.50
3873, 0.86
3874, 0.82
3875, 0.86
3876, 0.86
3877, 0.51
3878, 0.82
3879, 0.49
3880, 0.50
3881, 0.51
3882, 0.85
3883, 0.90
3884, 0.52
3885, 0.51
3886, 0.36
3887, 0.43
3888, 0.50
3889, 0.86
3890, 0.50
3891, 0.82
3892, 0.51
3893, 0.58
3894, 0.49
3895, 0.49
3896, 0.83
3897, 0.52
3898, 0.86
3899, 0.53
3900, 0.51
3901, 0.87
3902, 0.88
3903, 0.43
3904, 0.79
3905, 0.59
3906, 0.83
3907, 0.85
3908, 0.83
3909, 0.86
3910, 0.50
3911, 0.16
3912, 0.50
3913, 0.84
3914, 0.53
3915, 0.49
3916, 0.37
3917, 0.49
3918, 0.84
3919, 0.83
3920, 0.50
3921, 0.80
3922, 0.52
3923, 0.48
3924, 0.50
3925, 0.88
3926, 0.49
3927, 0.52
3928, 0.81
3929, 0.81
3930, 0.56
3931, 0.52
3932, 0.85
3933, 0.47
3934, 0.83
3935, 0.46
3936, 0.51
3937, 0.48
3938, 0.53
3939, 0.81
3940, 0.82
3941, 0.20
3942, 0.80
3943, 0.80
3944, 0.84
3945, 0.80
3946, 0.49
3947, 0.50
3948, 0.41
3949, 0.83
3950, 0.52
3951, 0.49
3952, 0.81
3953, 0.41
3954, 0.54
3955, 0.17
3956, 0.48
3957, 0.50
3958, 0.51
3959, 0.82
3960, 0.42
3961, 0.90
3962, 0.83
3963, 0.91
3964, 0.85
3965, 0.82
3966, 0.86
3967, 0.48
3968, 0.51
3969, 0.50
3970, 0.81
3971, 0.54
3972, 0.91
3973, 0.51
3974, 0.49
3975, 0.52
3976, 0.83
3977, 0.60
3978, 0.85
3979, 0.49
3980, 0.18
3981, 0.86
3982, 0.84
3983, 0.83
3984, 0.56
3985, 0.90
3986, 0.50
3987, 0.44
3988, 0.86
3989, 0.82
3990, 0.18
3991, 0.47
3992, 0.85
3993, 0.51
3994, 0.88
3995, 0.11
3996, 0.42
3997, 0.48
3998, 0.52
3999, 0.49
4000, 0.52
4001, 0.45
4002, 0.61
4003, 0.84
4004, 0.41
4005, 0.85
4006, 0.41
4007, 0.83
4008, 0.86
4009, 0.94
4010, 0.51
4011, 0.85
4012, 0.47
4013, 0.85
4014, 0.08
4015, 0.59
4016, 0.40
4017, 0.42
4018, 0.85
4019, 0.84
4020, 0.83
4021, 0.88
4022, 0.51
4023, 0.86
4024, 0.40
4025, 0.59
4026, 0.86
4027, 0.49
4028, 0.86
4029, 0.85
4030, 0.83
4031, 0.44
4032, 0.85
4033, 0.83
4034, 0.53
4035, 0.48
4036, 0.84
4037, 0.49
4038, 0.83
4039, 0.50
4040, 0.56
4041, 0.53
4042, 0.52
4043, 0.85
4044, 0.50
4045, 0.40
4046, 0.89
4047, 0.49
4048, 0.86
4049, 0.80
4050, 0.85
4051, 0.50
4052, 0.47
4053, 0.14
4054, 0.44
4055, 0.53
4056, 0.51
4057, 0.92
4058, 0.85
4059, 0.50
4060, 0.42
4061, 0.41
4062, 0.51
4063, 0.12
4064, 0.52
4065, 0.50
4066, 0.84
4067, 0.51
4068, 0.82
4069, 0.85
4070, 0.09
4071, 0.84
4072, 0.49
4073, 0.86
4074, 0.89
4075, 0.85
4076, 0.16
4077, 0.53
4078, 0.83
4079, 0.50
4080, 0.49
4081, 0.84
4082, 0.57
4083, 0.51
4084, 0.82
4085, 0.82
4086, 0.52
4087, 0.51
4088, 0.16
4089, 0.87
4090, 0.84
4091, 0.91
4092, 0.85
4093, 0.58
4094, 0.85
4095, 0.50
4096, 0.84
4097, 0.51
4098, 0.52
4099, 0.17
4100, 0.52
4101, 0.42
4102, 0.84
4103, 0.42
4104, 0.42
4105, 0.50
4106, 0.92
4107, 0.51
4108, 0.85
4109, 0.38
4110, 0.84
4111, 0.85
4112, 0.86
4113, 0.88
4114, 0.46
4115, 0.50
4116, 0.80
4117, 0.85
4118, 0.87
4119, 0.46
4120, 0.86
4121, 0.42
4122, 0.55
4123, 0.12
4124, 0.89
4125, 0.49
4126, 0.49
4127, 0.53
4128, 0.86
4129, 0.92
4130, 0.60
4131, 0.83
4132, 0.81
4133, 0.86
4134, 0.88
4135, 0.87
4136, 0.82
4137, 0.85
4138, 0.57
4139, 0.84
4140, 0.52
4141, 0.85
4142, 0.48
4143, 0.52
4144, 0.52
4145, 0.50
4146, 0.83
4147, 0.84
4148, 0.10
4149, 0.08
4150, 0.86
4151, 0.85
4152, 0.52
4153, 0.76
4154, 0.49
4155, 0.83
4156, 0.11
4157, 0.87
4158, 0.51
4159, 0.84
4160, 0.48
4161, 0.08
4162, 0.45
4163, 0.54
4164, 0.48
4165, 0.81
4166, 0.91
4167, 0.52
4168, 0.84
4169, 0.84
4170, 0.85
4171, 0.52
4172, 0.86
4173, 0.85
4174, 0.09
4175, 0.51
4176, 0.84
4177, 0.80
4178, 0.84
4179, 0.90
4180, 0.50
4181, 0.54
4182, 0.14
4183, 0.85
4184, 0.83
4185, 0.49
4186, 0.50
4187, 0.55
4188, 0.81
4189, 0.89
4190, 0.52
4191, 0.56
4192, 0.48
4193, 0.81
4194, 0.54
4195, 0.48
4196, 0.83
4197, 0.50
4198, 0.54
4199, 0.50
4200, 0.50
4201, 0.40
4202, 0.52
4203, 0.48
4204, 0.53
4205, 0.43
4206, 0.86
4207, 0.47
4208, 0.86
4209, 0.46
4210, 0.83
4211, 0.44
4212, 0.85
4213, 0.84
4214, 0.48
4215, 0.84
4216, 0.86
4217, 0.42
4218, 0.85
4219, 0.82
4220, 0.51
4221, 0.53
4222, 0.74
4223, 0.50
4224, 0.51
4225, 0.50
4226, 0.11
4227, 0.53
4228, 0.50
4229, 0.81
4230, 0.81
4231, 0.52
4232, 0.85
4233, 0.86
4234, 0.50
4235, 0.86
4236, 0.80
4237, 0.18
4238, 0.49
4239, 0.85
4240, 0.85
4241, 0.50
4242, 0.84
4243, 0.82
4244, 0.48
4245, 0.51
4246, 0.44
4247, 0.88
4248, 0.18
4249, 0.87
4250, 0.46
4251, 0.85
4252, 0.89
4253, 0.81
4254, 0.55
4255, 0.59
4256, 0.54
4257, 0.52
4258, 0.46
4259, 0.49
4260, 0.82
4261, 0.86
4262, 0.49
4263, 0.53
4264, 0.57
4265, 0.47
4266, 0.85
4267, 0.49
4268, 0.88
4269, 0.87
4270, 0.49
4271, 0.52
4272, 0.43
4273, 0.50
4274, 0.52
4275, 0.87
4276, 0.85
4277, 0.38
4278, 0.42
4279, 0.48
4280, 0.52
4281, 0.51
4282, 0.83
4283, 0.49
4284, 0.83
4285, 0.85
4286, 0.51
4287, 0.48
4288, 0.82
4289, 0.23
4290, 0.51
4291, 0.39
4292, 0.52
4293, 0.85
4294, 0.86
4295, 0.87
4296, 0.91
4297, 0.50
4298, 0.51
4299, 0.39
4300, 0.82
4301, 0.50
4302, 0.49
4303, 0.56
4304, 0.86
4305, 0.87
4306, 0.90
4307, 0.49
4308, 0.42
4309, 0.44
4310, 0.46
4311, 0.49
4312, 0.50
4313, 0.51
4314, 0.48
4315, 0.49
4316, 0.53
4317, 0.41
4318, 0.84
4319, 0.11
4320, 0.51
4321, 0.86
4322, 0.53
4323, 0.88
4324, 0.56
4325, 0.52
4326, 0.52
4327, 0.53
4328, 0.77
4329, 0.87
4330, 0.52
4331, 0.50
4332, 0.82
4333, 0.80
4334, 0.85
4335, 0.57
4336, 0.49
4337, 0.40
4338, 0.50
4339, 0.83
4340, 0.82
4341, 0.52
4342, 0.83
4343, 0.08
4344, 0.50
4345, 0.48
4346, 0.50
4347, 0.50
4348, 0.15
4349, 0.51
4350, 0.77
4351, 0.84
4352, 0.40
4353, 0.85
4354, 0.51
4355, 0.44
4356, 0.49
4357, 0.86
4358, 0.56
4359, 0.76
4360, 0.86
4361, 0.55
4362, 0.86
4363, 0.82
4364, 0.49
4365, 0.52
4366, 0.51
4367, 0.82
4368, 0.84
4369, 0.80
4370, 0.84
4371, 0.48
4372, 0.51
4373, 0.41
4374, 0.53
4375, 0.42
4376, 0.54
4377, 0.47
4378, 0.43
4379, 0.83
4380, 0.55
4381, 0.52
4382, 0.84
4383, 0.49
4384, 0.45
4385, 0.51
4386, 0.89
4387, 0.57
4388, 0.82
4389, 0.57
4390, 0.07
4391, 0.11
4392, 0.82
4393, 0.08
4394, 0.48
4395, 0.84
4396, 0.46
4397, 0.50
4398, 0.52
4399, 0.42
4400, 0.90
4401, 0.52
4402, 0.83
4403, 0.82
4404, 0.85
4405, 0.50
4406, 0.16
4407, 0.47
4408, 0.83
4409, 0.48
4410, 0.84
4411, 0.11
4412, 0.79
4413, 0.88
4414, 0.08
4415, 0.44
4416, 0.53
4417, 0.56
4418, 0.52
4419, 0.86
4420, 0.50
4421, 0.48
4422, 0.50
4423, 0.51
4424, 0.84
4425, 0.85
4426, 0.49
4427, 0.41
4428, 0.41
4429, 0.54
4430, 0.52
4431, 0.51
4432, 0.53
4433, 0.85
4434, 0.48
4435, 0.53
4436, 0.86
4437, 0.84
4438, 0.82
4439, 0.84
4440, 0.83
4441, 0.48
4442, 0.85
4443, 0.87
4444, 0.39
4445, 0.47
4446, 0.51
4447, 0.85
4448, 0.54
4449, 0.85
4450, 0.52
4451, 0.49
4452, 0.52
4453, 0.86
4454, 0.49
4455, 0.19
4456, 0.51
4457, 0.85
4458, 0.83
4459, 0.51
4460, 0.51
4461, 0.52
4462, 0.43
4463, 0.09
4464, 0.51
4465, 0.42
4466, 0.50
4467, 0.53
4468, 0.50
4469, 0.85
4470, 0.82
4471, 0.43
4472, 0.56
4473, 0.53
4474, 0.44
4475, 0.84
4476, 0.85
4477, 0.51
4478, 0.87
4479, 0.47
4480, 0.83
4481, 0.50
4482, 0.81
4483, 0.51
4484, 0.47
4485, 0.52
4486, 0.52
4487, 0.50
4488, 0.82
4489, 0.51
4490, 0.52
4491, 0.85
4492, 0.51
4493, 0.85
4494, 0.48
4495, 0.86
4496, 0.50
4497, 0.51
4498, 0.84
4499, 0.13
4500, 0.10
4501, 0.88
4502, 0.82
4503, 0.83
4504, 0.55
4505, 0.52
4506, 0.60
4507, 0.46
4508, 0.87
4509, 0.47
4510, 0.53
4511, 0.82
4512, 0.56
4513, 0.48
4514, 0.43
4515, 0.51
4516, 0.50
4517, 0.89
4518, 0.53
4519, 0.47
4520, 0.48
4521, 0.55
4522, 0.85
4523, 0.83
4524, 0.49
4525, 0.12
4526, 0.36
4527, 0.81
4528, 0.51
4529, 0.53
4530, 0.47
4531, 0.86
4532, 0.85
4533, 0.47
4534, 0.83
4535, 0.86
4536, 0.51
4537, 0.83
4538, 0.88
4539, 0.11
4540, 0.47
4541, 0.87
4542, 0.09
4543, 0.55
4544, 0.47
4545, 0.84
4546, 0.51
4547, 0.47
4548, 0.85
4549, 0.47
4550, 0.52
4551, 0.49
4552, 0.21
4553, 0.86
4554, 0.87
4555, 0.82
4556, 0.86
4557, 0.85
4558, 0.52
4559, 0.85
4560, 0.51
4561, 0.79
4562, 0.72
4563, 0.83
4564, 0.91
4565, 0.78
4566, 0.82
4567, 0.85
4568, 0.86
4569, 0.85
4570, 0.51
4571, 0.52
4572, 0.49
4573, 0.85
4574, 0.45
4575, 0.50
4576, 0.83
4577, 0.47
4578, 0.43
4579, 0.85
4580, 0.53
4581, 0.86
4582, 0.88
4583, 0.85
4584, 0.51
4585, 0.82
4586, 0.56
4587, 0.85
4588, 0.88
4589, 0.50
4590, 0.11
4591, 0.50
4592, 0.55
4593, 0.48
4594, 0.47
4595, 0.83
4596, 0.87
4597, 0.87
4598, 0.54
4599, 0.86
4600, 0.81
4601, 0.47
4602, 0.83
4603, 0.50
4604, 0.86
4605, 0.82
4606, 0.51
4607, 0.54
4608, 0.10
4609, 0.86
4610, 0.48
4611, 0.84
4612, 0.50
4613, 0.52
4614, 0.48
4615, 0.42
4616, 0.50
4617, 0.81
4618, 0.83
4619, 0.48
4620, 0.83
4621, 0.45
4622, 0.80
4623, 0.82
4624, 0.80
4625, 0.50
4626, 0.84
4627, 0.06
4628, 0.43
4629, 0.84
4630, 0.51
4631, 0.48
4632, 0.86
4633, 0.47
4634, 0.87
4635, 0.49
4636, 0.81
4637, 0.50
4638, 0.45
4639, 0.85
4640, 0.88
4641, 0.48
4642, 0.41
4643, 0.89
4644, 0.84
4645, 0.43
4646, 0.87
4647, 0.86
4648, 0.55
4649, 0.93
4650, 0.45
4651, 0.91
4652, 0.54
4653, 0.82
4654, 0.55
4655, 0.74
4656, 0.81
4657, 0.44
4658, 0.55
4659, 0.41
4660, 0.84
4661, 0.54
4662, 0.88
4663, 0.49
4664, 0.79
4665, 0.82
4666, 0.49
4667, 0.83
4668, 0.53
4669, 0.24
4670, 0.49
4671, 0.51
4672, 0.85
4673, 0.06
4674, 0.84
4675, 0.50
4676, 0.84
4677, 0.52
4678, 0.09
4679, 0.41
4680, 0.53
4681, 0.45
4682, 0.85
4683, 0.82
4684, 0.86
4685, 0.82
4686, 0.49
4687, 0.51
4688, 0.46
4689, 0.84
4690, 0.85
4691, 0.80
4692, 0.50
4693, 0.89
4694, 0.44
4695, 0.88
4696, 0.51
4697, 0.45
4698, 0.41
4699, 0.52
4700, 0.91
4701, 0.86
4702, 0.85
4703, 0.85
4704, 0.06
4705, 0.84
4706, 0.44
4707, 0.90
4708, 0.84
4709, 0.85
4710, 0.86
4711, 0.47
4712, 0.52
4713, 0.83
4714, 0.50
4715, 0.50
4716, 0.58
4717, 0.17
4718, 0.80
4719, 0.87
4720, 0.49
4721, 0.88
4722, 0.82
4723, 0.52
4724, 0.49
4725, 0.08
4726, 0.13
4727, 0.48
4728, 0.86
4729, 0.46
4730, 0.52
4731, 0.88
4732, 0.83
4733, 0.50
4734, 0.44
4735, 0.84
4736, 0.45
4737, 0.52
4738, 0.56
4739, 0.87
4740, 0.45
4741, 0.87
4742, 0.83
4743, 0.83
4744, 0.88
4745, 0.83
4746, 0.88
4747, 0.89
4748, 0.85
4749, 0.84
4750, 0.84
4751, 0.52
4752, 0.50
4753, 0.84
4754, 0.53
4755, 0.85
4756, 0.84
4757, 0.81
4758, 0.85
4759, 0.46
4760, 0.57
4761, 0.48
4762, 0.90
4763, 0.46
4764, 0.43
4765, 0.50
4766, 0.07
4767, 0.52
4768, 0.52
4769, 0.54
4770, 0.87
4771, 0.84
4772, 0.49
4773, 0.48
4774, 0.86
4775, 0.48
4776, 0.84
4777, 0.50
4778, 0.92
4779, 0.84
4780, 0.83
4781, 0.84
4782, 0.83
4783, 0.87
4784, 0.86
4785, 0.86
4786, 0.43
4787, 0.82
4788, 0.50
4789, 0.52
4790, 0.47
4791, 0.83
4792, 0.81
4793, 0.49
4794, 0.43
4795, 0.83
4796, 0.49
4797, 0.82
4798, 0.49
4799, 0.51
4800, 0.54
4801, 0.48
4802, 0.48
4803, 0.51
4804, 0.84
4805, 0.48
4806, 0.84
4807, 0.51
4808, 0.83
4809, 0.48
4810, 0.56
4811, 0.50
4812, 0.53
4813, 0.18
4814, 0.11
4815, 0.85
4816, 0.81
4817, 0.47
4818, 0.84
4819, 0.49
4820, 0.88
4821, 0.43
4822, 0.51
4823, 0.06
4824, 0.51
4825, 0.50
4826, 0.52
4827, 0.51
4828, 0.83
4829, 0.85
4830, 0.85
4831, 0.41
4832, 0.10
4833, 0.83
4834, 0.43
4835, 0.86
4836, 0.85
4837, 0.43
4838, 0.48
4839, 0.07
4840, 0.81
4841, 0.52
4842, 0.75
4843, 0.53
4844, 0.85
4845, 0.47
4846, 0.85
4847, 0.48
4848, 0.84
4849, 0.49
4850, 0.17
4851, 0.41
4852, 0.82
4853, 0.50
4854, 0.44
4855, 0.49
4856, 0.42
4857, 0.85
4858, 0.53
4859, 0.53
4860, 0.88
4861, 0.06
4862, 0.85
4863, 0.54
4864, 0.81
4865, 0.49
4866, 0.85
4867, 0.51
4868, 0.09
4869, 0.82
4870, 0.49
4871, 0.86
4872, 0.74
4873, 0.90
4874, 0.49
4875, 0.47
4876, 0.52
4877, 0.78
4878, 0.50
4879, 0.47
4880, 0.81
4881, 0.83
4882, 0.81
4883, 0.85
4884, 0.53
4885, 0.18
4886, 0.54
4887, 0.51
4888, 0.51
4889, 0.87
4890, 0.41
4891, 0.50
4892, 0.42
4893, 0.49
4894, 0.08
4895, 0.86
4896, 0.77
4897, 0.84
4898, 0.59
4899, 0.88
4900, 0.61
4901, 0.82
4902, 0.20
4903, 0.80
4904, 0.48
4905, 0.52
4906, 0.54
4907, 0.54
4908, 0.40
4909, 0.53
4910, 0.44
4911, 0.84
4912, 0.86
4913, 0.83
4914, 0.49
4915, 0.86
4916, 0.85
4917, 0.82
4918, 0.85
4919, 0.16
4920, 0.17
4921, 0.52
4922, 0.51
4923, 0.83
4924, 0.86
4925, 0.85
4926, 0.08
4927, 0.85
4928, 0.15
4929, 0.85
4930, 0.82
4931, 0.84
4932, 0.82
4933, 0.51
4934, 0.40
4935, 0.52
4936, 0.85
4937, 0.85
4938, 0.86
4939, 0.72
4940, 0.64
4941, 0.19
4942, 0.50
4943, 0.82
4944, 0.81
4945, 0.48
4946, 0.50
4947, 0.53
4948, 0.52
4949, 0.47
4950, 0.83
4951, 0.85
4952, 0.51
4953, 0.84
4954, 0.47
4955, 0.51
4956, 0.55
4957, 0.50
4958, 0.46
4959, 0.51
4960, 0.82
4961, 0.80
4962, 0.49
4963, 0.17
4964, 0.85
4965, 0.52
4966, 0.85
4967, 0.51
4968, 0.86
4969, 0.86
4970, 0.52
4971, 0.82
4972, 0.51
4973, 0.52
4974, 0.81
4975, 0.79
4976, 0.50
4977, 0.53
4978, 0.15
4979, 0.48
4980, 0.52
4981, 0.43
4982, 0.50
4983, 0.87
4984, 0.50
4985, 0.85
4986, 0.45
4987, 0.48
4988, 0.90
4989, 0.87
4990, 0.50
4991, 0.77
4992, 0.12
4993, 0.59
4994, 0.48
4995, 0.83
4996, 0.50
4997, 0.45
4998, 0.51
4999, 0.85
5000, 0.83
5001, 0.42
5002, 0.79
5003, 0.52
5004, 0.51
5005, 0.42
5006, 0.48
5007, 0.54
5008, 0.82
5009, 0.52
5010, 0.13
5011, 0.07
5012, 0.51
5013, 0.84
5014, 0.88
5015, 0.43
5016, 0.48
5017, 0.50
5018, 0.85
5019, 0.53
5020, 0.86
5021, 0.40
5022, 0.84
5023, 0.88
5024, 0.89
5025, 0.53
5026, 0.50
5027, 0.85
5028, 0.58
5029, 0.40
5030, 0.51
5031, 0.51
5032, 0.50
5033, 0.59
5034, 0.11
5035, 0.84
5036, 0.85
5037, 0.51
5038, 0.50
5039, 0.49
5040, 0.82
5041, 0.83
5042, 0.80
5043, 0.05
5044, 0.87
5045, 0.42
5046, 0.58
5047, 0.52
5048, 0.46
5049, 0.49
5050, 0.77
5051, 0.51
5052, 0.46
5053, 0.84
5054, 0.84
5055, 0.51
5056, 0.83
5057, 0.06
5058, 0.52
5059, 0.83
5060, 0.86
5061, 0.19
5062, 0.85
5063, 0.85
5064, 0.47
5065, 0.10
5066, 0.53
5067, 0.53
5068, 0.91
5069, 0.51
5070, 0.49
5071, 0.87
5072, 0.86
5073, 0.84
5074, 0.52
5075, 0.51
5076, 0.55
5077, 0.53
5078, 0.80
5079, 0.83
5080, 0.48
5081, 0.41
5082, 0.49
5083, 0.23
5084, 0.86
5085, 0.80
5086, 0.80
5087, 0.53
5088, 0.89
5089, 0.84
5090, 0.56
5091, 0.53
5092, 0.48
5093, 0.51
5094, 0.47
5095, 0.84
5096, 0.52
5097, 0.50
5098, 0.20
5099, 0.85
5100, 0.89
5101, 0.87
5102, 0.49
5103, 0.83
5104, 0.85
5105, 0.87
5106, 0.53
5107, 0.83
5108, 0.51
5109, 0.84
5110, 0.06
5111, 0.19
5112, 0.49
5113, 0.46
5114, 0.49
5115, 0.51
5116, 0.23
5117, 0.82
5118, 0.43
5119, 0.52
5120, 0.84
5121, 0.85
5122, 0.52
5123, 0.45
5124, 0.53
5125, 0.83
5126, 0.50
5127, 0.40
5128, 0.51
5129, 0.51
5130, 0.52
5131, 0.38
5132, 0.50
5133, 0.83
5134, 0.42
5135, 0.85
5136, 0.50
5137, 0.57
5138, 0.88
5139, 0.51
5140, 0.81
5141, 0.82
5142, 0.80
5143, 0.48
5144, 0.83
5145, 0.87
5146, 0.90
5147, 0.52
5148, 0.84
5149, 0.50
5150, 0.75
5151, 0.79
5152, 0.07
5153, 0.82
5154, 0.49
5155, 0.48
5156, 0.46
5157, 0.53
5158, 0.51
5159, 0.48
5160, 0.10
5161, 0.47
5162, 0.59
5163, 0.41
5164, 0.82
5165, 0.86
5166, 0.52
5167, 0.83
5168, 0.51
5169, 0.86
5170, 0.56
5171, 0.50
5172, 0.47
5173, 0.48
5174, 0.85
5175, 0.51
5176, 0.85
5177, 0.87
5178, 0.83
5179, 0.52
5180, 0.58
5181, 0.85
5182, 0.09
5183, 0.48
5184, 0.83
5185, 0.86
5186, 0.52
5187, 0.45
5188, 0.40
5189, 0.15
5190, 0.50
5191, 0.50
5192, 0.48
5193, 0.50
5194, 0.81
5195, 0.87
5196, 0.44
5197, 0.15
5198, 0.50
5199, 0.90
5200, 0.83
5201, 0.76
5202, 0.77
5203, 0.84
5204, 0.40
5205, 0.87
5206, 0.52
5207, 0.82
5208, 0.50
5209, 0.52
5210, 0.52
5211, 0.48
5212, 0.84
5213, 0.81
5214, 0.52
5215, 0.42
5216, 0.43
5217, 0.48
5218, 0.10
5219, 0.85
5220, 0.85
5221, 0.52
5222, 0.53
5223, 0.51
5224, 0.86
5225, 0.44
5226, 0.85
5227, 0.02
5228, 0.51
5229, 0.10
5230, 0.50
5231, 0.43
5232, 0.89
5233, 0.87
5234, 0.08
5235, 0.86
5236, 0.50
5237, 0.46
5238, 0.09
5239, 0.50
5240, 0.84
5241, 0.42
5242, 0.08
5243, 0.53
5244, 0.89
5245, 0.56
5246, 0.84
5247, 0.86
5248, 0.51
5249, 0.47
5250, 0.59
5251, 0.49
5252, 0.91
5253, 0.48
5254, 0.06
5255, 0.47
5256, 0.86
5257, 0.41
5258, 0.85
5259, 0.51
5260, 0.52
5261, 0.85
5262, 0.52
5263, 0.89
5264, 0.84
5265, 0.85
5266, 0.47
5267, 0.85
5268, 0.42
5269, 0.84
5270, 0.56
5271, 0.82
5272, 0.86
5273, 0.49
5274, 0.85
5275, 0.51
5276, 0.85
5277, 0.15
5278, 0.47
5279, 0.57
5280, 0.50
5281, 0.86
5282, 0.50
5283, 0.83
5284, 0.85
5285, 0.50
5286, 0.41
5287, 0.51
5288, 0.84
5289, 0.56
5290, 0.86
5291, 0.84
5292, 0.50
5293, 0.45
5294, 0.40
5295, 0.41
5296, 0.43
5297, 0.52
5298, 0.51
5299, 0.88
5300, 0.75
5301, 0.84
5302, 0.57
5303, 0.52
5304, 0.83
5305, 0.46
5306, 0.79
5307, 0.80
5308, 0.84
5309, 0.91
5310, 0.79
5311, 0.48
5312, 0.53
5313, 0.51
5314, 0.52
5315, 0.85
5316, 0.85
5317, 0.39
5318, 0.48
5319, 0.88
5320, 0.84
5321, 0.82
5322, 0.51
5323, 0.19
5324, 0.50
5325, 0.55
5326, 0.59
5327, 0.78
5328, 0.47
5329, 0.39
5330, 0.49
5331, 0.55
5332, 0.41
5333, 0.50
5334, 0.52
5335, 0.51
5336, 0.51
5337, 0.52
5338, 0.55
5339, 0.51
5340, 0.41
5341, 0.47
5342, 0.85
5343, 0.84
5344, 0.50
5345, 0.84
5346, 0.83
5347, 0.49
5348, 0.92
5349, 0.49
5350, 0.79
5351, 0.79
5352, 0.89
5353, 0.84
5354, 0.43
5355, 0.89
5356, 0.84
5357, 0.53
5358, 0.51
5359, 0.52
5360, 0.18
5361, 0.77
5362, 0.85
5363, 0.82
5364, 0.81
5365, 0.55
5366, 0.83
5367, 0.81
5368, 0.54
5369, 0.52
5370, 0.82
5371, 0.86
5372, 0.79
5373, 0.50
5374, 0.51
5375, 0.90
5376, 0.51
5377, 0.95
5378, 0.84
5379, 0.51
5380, 0.56
5381, 0.53
5382, 0.53
5383, 0.50
5384, 0.84
5385, 0.83
5386, 0.49
5387, 0.21
5388, 0.07
5389, 0.47
5390, 0.52
5391, 0.52
5392, 0.80
5393, 0.84
5394, 0.53
5395, 0.49
5396, 0.85
5397, 0.84
5398, 0.50
5399, 0.76
5400, 0.85
5401, 0.49
5402, 0.51
5403, 0.52
5404, 0.50
5405, 0.53
5406, 0.55
5407, 0.52
5408, 0.84
5409, 0.85
5410, 0.50
5411, 0.42
5412, 0.88
5413, 0.49
5414, 0.48
5415, 0.51
5416, 0.79
5417, 0.23
5418, 0.51
5419, 0.86
5420, 0.51
5421, 0.80
5422, 0.87
5423, 0.88
5424, 0.85
5425, 0.85
5426, 0.52
5427, 0.54
5428, 0.84
5429, 0.81
5430, 0.49
5431, 0.53
5432, 0.81
5433, 0.45
5434, 0.84
5435, 0.81
5436, 0.83
5437, 0.83
5438, 0.80
5439, 0.47
5440, 0.49
5441, 0.83
5442, 0.54
5443, 0.49
5444, 0.83
5445, 0.84
5446, 0.85
5447, 0.57
5448, 0.50
5449, 0.49
5450, 0.75
5451, 0.84
5452, 0.48
5453, 0.93
5454, 0.85
5455, 0.82
5456, 0.83
5457, 0.85
5458, 0.87
5459, 0.85
5460, 0.87
5461, 0.90
5462, 0.48
5463, 0.79
5464, 0.76
5465, 0.51
5466, 0.38
5467, 0.52
5468, 0.51
5469, 0.43
5470, 0.17
5471, 0.51
5472, 0.87
5473, 0.50
5474, 0.48
5475, 0.52
5476, 0.83
5477, 0.83
5478, 0.82
5479, 0.86
5480, 0.50
5481, 0.86
5482, 0.50
5483, 0.88
5484, 0.48
5485, 0.07
5486, 0.86
5487, 0.85
5488, 0.08
5489, 0.82
5490, 0.92
5491, 0.83
5492, 0.75
5493, 0.49
5494, 0.54
5495, 0.88
5496, 0.86
5497, 0.84
5498, 0.85
5499, 0.48
5500, 0.90
5501, 0.88
5502, 0.86
5503, 0.54
5504, 0.52
5505, 0.50
5506, 0.87
5507, 0.89
5508, 0.84
5509, 0.84
5510, 0.55
5511, 0.52
5512, 0.84
5513, 0.84
5514, 0.86
5515, 0.50
5516, 0.86
5517, 0.57
5518, 0.57
5519, 0.52
5520, 0.82
5521, 0.54
5522, 0.50
5523, 0.51
5524, 0.86
5525, 0.83
5526, 0.19
5527, 0.41
5528, 0.40
5529, 0.84
5530, 0.51
5531, 0.51
5532, 0.86
5533, 0.90
5534, 0.50
5535, 0.86
5536, 0.52
5537, 0.88
5538, 0.84
5539, 0.22
5540, 0.06
5541, 0.38
5542, 0.88
5543, 0.53
5544, 0.84
5545, 0.52
5546, 0.81
5547, 0.49
5548, 0.51
5549, 0.53
5550, 0.49
5551, 0.79
5552, 0.17
5553, 0.49
5554, 0.84
5555, 0.88
5556, 0.82
5557, 0.50
5558, 0.50
5559, 0.86
5560, 0.46
5561, 0.41
5562, 0.82
5563, 0.84
5564, 0.80
5565, 0.50
5566, 0.40
5567, 0.41
5568, 0.82
5569, 0.87
5570, 0.50
5571, 0.55
5572, 0.81
5573, 0.84
5574, 0.81
5575, 0.79
5576, 0.44
5577, 0.38
5578, 0.94
5579, 0.21
5580, 0.49
5581, 0.48
5582, 0.14
5583, 0.92
5584, 0.50
5585, 0.84
5586, 0.82
5587, 0.47
5588, 0.54
5589, 0.94
5590, 0.51
5591, 0.52
5592, 0.49
5593, 0.83
5594, 0.82
5595, 0.86
5596, 0.48
5597, 0.19
5598, 0.82
5599, 0.86
5600, 0.51
5601, 0.85
5602, 0.51
5603, 0.80
5604, 0.51
5605, 0.49
5606, 0.41
5607, 0.81
5608, 0.44
5609, 0.49
5610, 0.50
5611, 0.88
5612, 0.90
5613, 0.51
5614, 0.49
5615, 0.41
5616, 0.53
5617, 0.53
5618, 0.46
5619, 0.50
5620, 0.16
5621, 0.89
5622, 0.43
5623, 0.44
5624, 0.87
5625, 0.83
5626, 0.52
5627, 0.83
5628, 0.52
5629, 0.48
5630, 0.52
5631, 0.81
5632, 0.51
5633, 0.87
5634, 0.46
5635, 0.81
5636, 0.11
5637, 0.41
5638, 0.85
5639, 0.52
5640, 0.91
5641, 0.50
5642, 0.85
5643, 0.52
5644, 0.86
5645, 0.53
5646, 0.10
5647, 0.50
5648, 0.42
5649, 0.86
5650, 0.52
5651, 0.84
5652, 0.84
5653, 0.43
5654, 0.43
5655, 0.46
5656, 0.51
5657, 0.51
5658, 0.82
5659, 0.48
5660, 0.84
5661, 0.54
5662, 0.80
5663, 0.51
5664, 0.85
5665, 0.79
5666, 0.86
5667, 0.84
5668, 0.49
5669, 0.49
5670, 0.86
5671, 0.84
5672, 0.90
5673, 0.12
5674, 0.47
5675, 0.83
5676, 0.83
5677, 0.83
5678, 0.83
5679, 0.49
5680, 0.49
5681, 0.50
5682, 0.79
5683, 0.85
5684, 0.81
5685, 0.50
5686, 0.49
5687, 0.49
5688, 0.86
5689, 0.48
5690, 0.39
5691, 0.84
5692, 0.86
5693, 0.52
5694, 0.51
5695, 0.44
5696, 0.49
5697, 0.51
5698, 0.49
5699, 0.47
5700, 0.40
5701, 0.82
5702, 0.78
5703, 0.83
5704, 0.83
5705, 0.85
5706, 0.49
5707, 0.45
5708, 0.53
5709, 0.80
5710, 0.84
5711, 0.46
5712, 0.60
5713, 0.47
5714, 0.51
5715, 0.56
5716, 0.58
5717, 0.84
5718, 0.56
5719, 0.53
5720, 0.49
5721, 0.82
5722, 0.54
5723, 0.52
5724, 0.50
5725, 0.87
5726, 0.87
5727, 0.10
5728, 0.88
5729, 0.40
5730, 0.52
5731, 0.85
5732, 0.50
5733, 0.88
5734, 0.50
5735, 0.16
5736, 0.90
5737, 0.54
5738, 0.49
5739, 0.45
5740, 0.48
5741, 0.52
5742, 0.57
5743, 0.81
5744, 0.50
5745, 0.81
5746, 0.51
5747, 0.89
5748, 0.43
5749, 0.84
5750, 0.81
5751, 0.51
5752, 0.50
5753, 0.52
5754, 0.52
5755, 0.50
5756, 0.87
5757, 0.51
5758, 0.86
5759, 0.81
5760, 0.13
5761, 0.83
5762, 0.50
5763, 0.82
5764, 0.53
5765, 0.57
5766, 0.49
5767, 0.46
5768, 0.47
5769, 0.83
5770, 0.79
5771, 0.43
5772, 0.50
5773, 0.51
5774, 0.84
5775, 0.51
5776, 0.87
5777, 0.53
5778, 0.42
5779, 0.49
5780, 0.83
5781, 0.51
5782, 0.83
5783, 0.80
5784, 0.48
5785, 0.52
5786, 0.86
5787, 0.85
5788, 0.90
5789, 0.42
5790, 0.84
5791, 0.41
5792, 0.84
5793, 0.83
5794, 0.48
5795, 0.51
5796, 0.05
5797, 0.50
5798, 0.83
5799, 0.79
5800, 0.43
5801, 0.46
5802, 0.52
5803, 0.03
5804, 0.90
5805, 0.85
5806, 0.87
5807, 0.48
5808, 0.04
5809, 0.15
5810, 0.87
5811, 0.47
5812, 0.44
5813, 0.85
5814, 0.53
5815, 0.42
5816, 0.82
5817, 0.50
5818, 0.83
5819, 0.56
5820, 0.51
5821, 0.89
5822, 0.77
5823, 0.50
5824, 0.96
5825, 0.84
5826, 0.84
5827, 0.14
5828, 0.51
5829, 0.51
5830, 0.51
5831, 0.84
5832, 0.80
5833, 0.54
5834, 0.84
5835, 0.45
5836, 0.42
5837, 0.88
5838, 0.51
5839, 0.83
5840, 0.49
5841, 0.51
5842, 0.83
5843, 0.81
5844, 0.40
5845, 0.86
5846, 0.25
5847, 0.50
5848, 0.84
5849, 0.12
5850, 0.16
5851, 0.48
5852, 0.56
5853, 0.50
5854, 0.42
5855, 0.90
5856, 0.51
5857, 0.80
5858, 0.45
5859, 0.42
5860, 0.83
5861, 0.49
5862, 0.85
5863, 0.58
5864, 0.84
5865, 0.86
5866, 0.55
5867, 0.84
5868, 0.52
5869, 0.48
5870, 0.45
5871, 0.88
5872, 0.81
5873, 0.84
5874, 0.51
5875, 0.50
5876, 0.50
5877, 0.83
5878, 0.55
5879, 0.52
5880, 0.85
5881, 0.07
5882, 0.39
5883, 0.85
5884, 0.85
5885, 0.56
5886, 0.43
5887, 0.86
5888, 0.55
5889, 0.44
5890, 0.59
5891, 0.43
5892, 0.48
5893, 0.17
5894, 0.51
5895, 0.50
5896, 0.84
5897, 0.47
5898, 0.51
5899, 0.51
5900, 0.49
5901, 0.52
5902, 0.52
5903, 0.84
5904, 0.46
5905, 0.51
5906, 0.47
5907, 0.52
5908, 0.48
5909, 0.52
5910, 0.84
5911, 0.09
5912, 0.52
5913, 0.81
5914, 0.83
5915, 0.17
5916, 0.48
5917, 0.78
5918, 0.47
5919, 0.46
5920, 0.50
5921, 0.82
5922, 0.47
5923, 0.84
5924, 0.45
5925, 0.51
5926, 0.84
5927, 0.42
5928, 0.55
5929, 0.85
5930, 0.85
5931, 0.79
5932, 0.83
5933, 0.87
5934, 0.53
5935, 0.42
5936, 0.08
5937, 0.91
5938, 0.84
5939, 0.43
5940, 0.45
5941, 0.82
5942, 0.75
5943, 0.50
5944, 0.46
5945, 0.87
5946, 0.52
5947, 0.88
5948, 0.48
5949, 0.83
5950, 0.50
5951, 0.89
5952, 0.49
5953, 0.74
5954, 0.89
5955, 0.49
5956, 0.82
5957, 0.56
5958, 0.50
5959, 0.52
5960, 0.51
5961, 0.87
5962, 0.85
5963, 0.82
5964, 0.84
5965, 0.53
5966, 0.84
5967, 0.82
5968, 0.85
5969, 0.59
5970, 0.50
5971, 0.82
5972, 0.86
5973, 0.51
5974, 0.81
5975, 0.83
5976, 0.45
5977, 0.43
5978, 0.83
5979, 0.84
5980, 0.83
5981, 0.42
5982, 0.53
5983, 0.49
5984, 0.44
5985, 0.83
5986, 0.51
5987, 0.51
5988, 0.84
5989, 0.44
5990, 0.85
5991, 0.89
5992, 0.88
5993, 0.82
5994, 0.85
5995, 0.85
5996, 0.49
5997, 0.86
5998, 0.50
5999, 0.50
6000, 0.83
6001, 0.83
6002, 0.86
6003, 0.85
6004, 0.51
6005, 0.49
6006, 0.51
6007, 0.46
6008, 0.52
6009, 0.80
6010, 0.51
6011, 0.51
6012, 0.83
6013, 0.54
6014, 0.85
6015, 0.81
6016, 0.50
6017, 0.84
6018, 0.82
6019, 0.84
6020, 0.49
6021, 0.12
6022, 0.09
6023, 0.50
6024, 0.83
6025, 0.54
6026, 0.39
6027, 0.88
6028, 0.85
6029, 0.52
6030, 0.88
6031, 0.19
6032, 0.81
6033, 0.50
6034, 0.81
6035, 0.52
6036, 0.81
6037, 0.82
6038, 0.84
6039, 0.81
6040, 0.87
6041, 0.42
6042, 0.50
6043, 0.84
6044, 0.78
6045, 0.43
6046, 0.85
6047, 0.80
6048, 0.56
6049, 0.50
6050, 0.84
6051, 0.55
6052, 0.50
6053, 0.91
6054, 0.86
6055, 0.59
6056, 0.44
6057, 0.84
6058, 0.86
6059, 0.48
6060, 0.47
6061, 0.52
6062, 0.88
6063, 0.49
6064, 0.48
6065, 0.56
6066, 0.51
6067, 0.85
6068, 0.54
6069, 0.83
6070, 0.85
6071, 0.79
6072, 0.48
6073, 0.83
6074, 0.48
6075, 0.53
6076, 0.45
6077, 0.84
6078, 0.85
6079, 0.52
6080, 0.50
6081, 0.81
6082, 0.52
6083, 0.90
6084, 0.83
6085, 0.85
6086, 0.46
6087, 0.80
6088, 0.85
6089, 0.84
6090, 0.37
6091, 0.54
6092, 0.48
6093, 0.88
6094, 0.50
6095, 0.38
6096, 0.85
6097, 0.52
6098, 0.78
6099, 0.86
6100, 0.90
6101, 0.50
6102, 0.49
6103, 0.78
6104, 0.05
6105, 0.46
6106, 0.56
6107, 0.51
6108, 0.52
6109, 0.51
6110, 0.08
6111, 0.82
6112, 0.52
6113, 0.85
6114, 0.52
6115, 0.18
6116, 0.83
6117, 0.81
6118, 0.50
6119, 0.50
6120, 0.44
6121, 0.86
6122, 0.42
6123, 0.42
6124, 0.79
6125, 0.88
6126, 0.87
6127, 0.86
6128, 0.85
6129, 0.49
6130, 0.51
6131, 0.84
6132, 0.82
6133, 0.84
6134, 0.14
6135, 0.48
6136, 0.90
6137, 0.87
6138, 0.51
6139, 0.83
6140, 0.84
6141, 0.83
6142, 0.82
6143, 0.17
6144, 0.49
6145, 0.82
6146, 0.79
6147, 0.49
6148, 0.48
6149, 0.51
6150, 0.55
6151, 0.52
6152, 0.80
6153, 0.54
6154, 0.84
6155, 0.39
6156, 0.09
6157, 0.56
6158, 0.50
6159, 0.10
6160, 0.47
6161, 0.42
6162, 0.85
6163, 0.85
6164, 0.80
6165, 0.86
6166, 0.86
6167, 0.49
6168, 0.84
6169, 0.48
6170, 0.51
6171, 0.88
6172, 0.81
6173, 0.56
6174, 0.47
6175, 0.55
6176, 0.84
6177, 0.84
6178, 0.43
6179, 0.50
6180, 0.85
6181, 0.07
6182, 0.84
6183, 0.79
6184, 0.49
6185, 0.55
6186, 0.83
6187, 0.82
6188, 0.82
6189, 0.81
6190, 0.61
6191, 0.83
6192, 0.84
6193, 0.90
6194, 0.54
6195, 0.83
6196, 0.80
6197, 0.83
6198, 0.85
6199, 0.86
6200, 0.21
6201, 0.51
6202, 0.13
6203, 0.50
6204, 0.84
6205, 0.85
6206, 0.88
6207, 0.81
6208, 0.58
6209, 0.56
6210, 0.51
6211, 0.89
6212, 0.50
6213, 0.42
6214, 0.60
6215, 0.15
6216, 0.51
6217, 0.51
6218, 0.41
6219, 0.85
6220, 0.50
6221, 0.49
6222, 0.47
6223, 0.77
6224, 0.49
6225, 0.86
6226, 0.83
6227, 0.83
6228, 0.84
6229, 0.83
6230, 0.83
6231, 0.50
6232, 0.08
6233, 0.80
6234, 0.81
6235, 0.50
6236, 0.49
6237, 0.52
6238, 0.85
6239, 0.49
6240, 0.51
6241, 0.52
6242, 0.80
6243, 0.52
6244, 0.88
6245, 0.46
6246, 0.84
6247, 0.42
6248, 0.84
6249, 0.52
6250, 0.82
6251, 0.53
6252, 0.49
6253, 0.82
6254, 0.49
6255, 0.48
6256, 0.58
6257, 0.74
6258, 0.53
6259, 0.51
6260, 0.86
6261, 0.49
6262, 0.86
6263, 0.85
6264, 0.07
6265, 0.46
6266, 0.85
6267, 0.82
6268, 0.84
6269, 0.20
6270, 0.48
6271, 0.78
6272, 0.50
6273, 0.38
6274, 0.52
6275, 0.51
6276, 0.51
6277, 0.86
6278, 0.46
6279, 0.51
6280, 0.89
6281, 0.08
6282, 0.54
6283, 0.46
6284, 0.80
6285, 0.83
6286, 0.88
6287, 0.51
6288, 0.84
6289, 0.50
6290, 0.80
6291, 0.48
6292, 0.52
6293, 0.49
6294, 0.10
6295, 0.84
6296, 0.89
6297, 0.57
6298, 0.41
6299, 0.75
6300, 0.44
6301, 0.84
6302, 0.51
6303, 0.45
6304, 0.84
6305, 0.52
6306, 0.53
6307, 0.85
6308, 0.47
6309, 0.53
6310, 0.49
6311, 0.86
6312, 0.45
6313, 0.82
6314, 0.16
6315, 0.84
6316, 0.50
6317, 0.86
6318, 0.77
6319, 0.82
6320, 0.84
6321, 0.87
6322, 0.52
6323, 0.19
6324, 0.86
6325, 0.56
6326, 0.43
6327, 0.47
6328, 0.50
6329, 0.49
6330, 0.91
6331, 0.39
6332, 0.48
6333, 0.83
6334, 0.24
6335, 0.86
6336, 0.86
6337, 0.19
6338, 0.85
6339, 0.54
6340, 0.11
6341, 0.82
6342, 0.41
6343, 0.18
6344, 0.85
6345, 0.50
6346, 0.82
6347, 0.47
6348, 0.85
6349, 0.80
6350, 0.16
6351, 0.50
6352, 0.84
6353, 0.52
6354, 0.16
6355, 0.48
6356, 0.47
6357, 0.82
6358, 0.17
6359, 0.54
6360, 0.87
6361, 0.42
6362, 0.92
6363, 0.83
6364, 0.48
6365, 0.51
6366, 0.07
6367, 0.45
6368, 0.44
6369, 0.83
6370, 0.49
6371, 0.48
6372, 0.45
6373, 0.84
6374, 0.54
6375, 0.41
6376, 0.80
6377, 0.51
6378, 0.85
6379, 0.86
6380, 0.49
6381, 0.85
6382, 0.49
6383, 0.85
6384, 0.56
6385, 0.82
6386, 0.47
6387, 0.47
6388, 0.46
6389, 0.88
6390, 0.85
6391, 0.80
6392, 0.48
6393, 0.83
6394, 0.53
6395, 0.41
6396, 0.85
6397, 0.51
6398, 0.53
6399, 0.50
6400, 0.47
6401, 0.44
6402, 0.42
6403, 0.84
6404, 0.82
6405, 0.81
6406, 0.51
6407, 0.52
6408, 0.85
6409, 0.49
6410, 0.52
6411, 0.14
6412, 0.87
6413, 0.49
6414, 0.82
6415, 0.88
6416, 0.53
6417, 0.15
6418, 0.51
6419, 0.86
6420, 0.82
6421, 0.97
6422, 0.07
6423, 0.48
6424, 0.50
6425, 0.78
6426, 0.50
6427, 0.54
6428, 0.50
6429, 0.51
6430, 0.89
6431, 0.76
6432, 0.81
6433, 0.12
6434, 0.16
6435, 0.39
6436, 0.43
6437, 0.83
6438, 0.50
6439, 0.52
6440, 0.50
6441, 0.48
6442, 0.52
6443, 0.47
6444, 0.05
6445, 0.50
6446, 0.50
6447, 0.83
6448, 0.90
6449, 0.85
6450, 0.07
6451, 0.83
6452, 0.86
6453, 0.82
6454, 0.78
6455, 0.46
6456, 0.48
6457, 0.48
6458, 0.52
6459, 0.84
6460, 0.44
6461, 0.60
6462, 0.47
6463, 0.45
6464, 0.50
6465, 0.44
6466, 0.47
6467, 0.74
6468, 0.45
6469, 0.52
6470, 0.21
6471, 0.88
6472, 0.50
6473, 0.73
6474, 0.83
6475, 0.51
6476, 0.86
6477, 0.48
6478, 0.11
6479, 0.49
6480, 0.18
6481, 0.49
6482, 0.48
6483, 0.52
6484, 0.54
6485, 0.52
6486, 0.08
6487, 0.86
6488, 0.83
6489, 0.47
6490, 0.51
6491, 0.52
6492, 0.47
6493, 0.87
6494, 0.83
6495, 0.49
6496, 0.52
6497, 0.51
6498, 0.50
6499, 0.85
6500, 0.50
6501, 0.58
6502, 0.49
6503, 0.51
6504, 0.43
6505, 0.82
6506, 0.55
6507, 0.85
6508, 0.87
6509, 0.61
6510, 0.84
6511, 0.83
6512, 0.84
6513, 0.54
6514, 0.75
6515, 0.52
6516, 0.53
6517, 0.55
6518, 0.43
6519, 0.59
6520, 0.47
6521, 0.86
6522, 0.87
6523, 0.50
6524, 0.56
6525, 0.50
6526, 0.82
6527, 0.87
6528, 0.81
6529, 0.57
6530, 0.86
6531, 0.83
6532, 0.44
6533, 0.38
6534, 0.90
6535, 0.06
6536, 0.82
6537, 0.80
6538, 0.82
6539, 0.57
6540, 0.85
6541, 0.50
6542, 0.47
6543, 0.85
6544, 0.85
6545, 0.58
6546, 0.49
6547, 0.85
6548, 0.85
6549, 0.84
6550, 0.72
6551, 0.46
6552, 0.42
6553, 0.91
6554, 0.51
6555, 0.85
6556, 0.54
6557, 0.51
6558, 0.55
6559, 0.14
6560, 0.49
6561, 0.49
6562, 0.81
6563, 0.86
6564, 0.50
6565, 0.53
6566, 0.45
6567, 0.85
6568, 0.86
6569, 0.45
6570, 0.47
6571, 0.84
6572, 0.51
6573, 0.83
6574, 0.85
6575, 0.75
6576, 0.44
6577, 0.44
6578, 0.55
6579, 0.40
6580, 0.46
6581, 0.47
6582, 0.51
6583, 0.88
6584, 0.87
6585, 0.49
6586, 0.76
6587, 0.11
6588, 0.50
6589, 0.14
6590, 0.16
6591, 0.51
6592, 0.84
6593, 0.12
6594, 0.50
6595, 0.88
6596, 0.18
6597, 0.81
6598, 0.84
6599, 0.55
6600, 0.84
6601, 0.83
6602, 0.91
6603, 0.44
6604, 0.50
6605, 0.43
6606, 0.80
6607, 0.49
6608, 0.51
6609, 0.85
6610, 0.38
6611, 0.41
6612, 0.12
6613, 0.51
6614, 0.51
6615, 0.83
6616, 0.45
6617, 0.84
6618, 0.38
6619, 0.50
6620, 0.50
6621, 0.40
6622, 0.51
6623, 0.15
6624, 0.49
6625, 0.81
6626, 0.45
6627, 0.50
6628, 0.84
6629, 0.81
6630, 0.84
6631, 0.47
6632, 0.88
6633, 0.48
6634, 0.52
6635, 0.85
6636, 0.50
6637, 0.86
6638, 0.42
6639, 0.84
6640, 0.50
6641, 0.85
6642, 0.52
6643, 0.42
6644, 0.48
6645, 0.82
6646, 0.08
6647, 0.49
6648, 0.52
6649, 0.53
6650, 0.75
6651, 0.94
6652, 0.85
6653, 0.51
6654, 0.81
6655, 0.49
6656, 0.41
6657, 0.86
6658, 0.85
6659, 0.52
6660, 0.83
6661, 0.80
6662, 0.49
6663, 0.51
6664, 0.82
6665, 0.86
6666, 0.49
6667, 0.51
6668, 0.85
6669, 0.86
6670, 0.84
6671, 0.82
6672, 0.49
6673, 0.39
6674, 0.41
6675, 0.40
6676, 0.90
6677, 0.43
6678, 0.85
6679, 0.85
6680, 0.48
6681, 0.49
6682, 0.62
6683, 0.50
6684, 0.91
6685, 0.50
6686, 0.48
6687, 0.54
6688, 0.86
6689, 0.85
6690, 0.48
6691, 0.82
6692, 0.85
6693, 0.85
6694, 0.43
6695, 0.41
6696, 0.83
6697, 0.53
6698, 0.54
6699, 0.85
6700, 0.84
6701, 0.56
6702, 0.50
6703, 0.51
6704, 0.81
6705, 0.51
6706, 0.51
6707, 0.49
6708, 0.47
6709, 0.85
6710, 0.41
6711, 0.87
6712, 0.49
6713, 0.83
6714, 0.52
6715, 0.51
6716, 0.85
6717, 0.47
6718, 0.42
6719, 0.48
6720, 0.48
6721, 0.86
6722, 0.50
6723, 0.86
6724, 0.49
6725, 0.52
6726, 0.52
6727, 0.50
6728, 0.44
6729, 0.85
6730, 0.88
6731, 0.52
6732, 0.82
6733, 0.85
6734, 0.85
6735, 0.86
6736, 0.86
6737, 0.82
6738, 0.84
6739, 0.53
6740, 0.86
6741, 0.84
6742, 0.07
6743, 0.41
6744, 0.85
6745, 0.88
6746, 0.16
6747, 0.51
6748, 0.83
6749, 0.82
6750, 0.50
6751, 0.42
6752, 0.55
6753, 0.51
6754, 0.39
6755, 0.47
6756, 0.52
6757, 0.87
6758, 0.81
6759, 0.49
6760, 0.49
6761, 0.42
6762, 0.50
6763, 0.60
6764, 0.24
6765, 0.54
6766, 0.88
6767, 0.80
6768, 0.50
6769, 0.49
6770, 0.86
6771, 0.83
6772, 0.87
6773, 0.44
6774, 0.81
6775, 0.88
6776, 0.84
6777, 0.54
6778, 0.47
6779, 0.46
6780, 0.52
6781, 0.89
6782, 0.80
6783, 0.45
6784, 0.84
6785, 0.11
6786, 0.54
6787, 0.56
6788, 0.50
6789, 0.82
6790, 0.48
6791, 0.52
6792, 0.88
6793, 0.19
6794, 0.19
6795, 0.94
6796, 0.85
6797, 0.85
6798, 0.85
6799, 0.45
6800, 0.87
6801, 0.80
6802, 0.85
6803, 0.82
6804, 0.08
6805, 0.81
6806, 0.81
6807, 0.51
6808, 0.43
6809, 0.41
6810, 0.41
6811, 0.90
6812, 0.54
6813, 0.52
6814, 0.50
6815, 0.43
6816, 0.84
6817, 0.52
6818, 0.47
6819, 0.61
6820, 0.46
6821, 0.83
6822, 0.16
6823, 0.85
6824, 0.46
6825, 0.84
6826, 0.93
6827, 0.07
6828, 0.52
6829, 0.51
6830, 0.09
6831, 0.82
6832, 0.45
6833, 0.85
6834, 0.83
6835, 0.51
6836, 0.81
6837, 0.40
6838, 0.86
6839, 0.52
6840, 0.44
6841, 0.86
6842, 0.84
6843, 0.45
6844, 0.52
6845, 0.54
6846, 0.49
6847, 0.83
6848, 0.52
6849, 0.82
6850, 0.83
6851, 0.50
6852, 0.48
6853, 0.47
6854, 0.91
6855, 0.51
6856, 0.53
6857, 0.49
6858, 0.83
6859, 0.43
6860, 0.83
6861, 0.82
6862, 0.82
6863, 0.20
6864, 0.83
6865, 0.10
6866, 0.55
6867, 0.82
6868, 0.84
6869, 0.78
6870, 0.53
6871, 0.48
6872, 0.51
6873, 0.82
6874, 0.51
6875, 0.51
6876, 0.57
6877, 0.16
6878, 0.51
6879, 0.47
6880, 0.80
6881, 0.86
6882, 0.55
6883, 0.51
6884, 0.83
6885, 0.41
6886, 0.49
6887, 0.84
6888, 0.49
6889, 0.48
6890, 0.84
6891, 0.84
6892, 0.90
6893, 0.50
6894, 0.82
6895, 0.83
6896, 0.43
6897, 0.82
6898, 0.52
6899, 0.84
6900, 0.84
6901, 0.49
6902, 0.50
6903, 0.44
6904, 0.85
6905, 0.49
6906, 0.44
6907, 0.16
6908, 0.50
6909, 0.40
6910, 0.84
6911, 0.84
6912, 0.83
6913, 0.84
6914, 0.44
6915, 0.41
6916, 0.50
6917, 0.87
6918, 0.51
6919, 0.87
6920, 0.82
6921, 0.85
6922, 0.55
6923, 0.46
6924, 0.50
6925, 0.18
6926, 0.83
6927, 0.42
6928, 0.83
6929, 0.43
6930, 0.49
6931, 0.85
6932, 0.84
6933, 0.84
6934, 0.56
6935, 0.83
6936, 0.90
6937, 0.86
6938, 0.55
6939, 0.13
6940, 0.83
6941, 0.86
6942, 0.85
6943, 0.86
6944, 0.49
6945, 0.51
6946, 0.48
6947, 0.63
6948, 0.44
6949, 0.88
6950, 0.50
6951, 0.85
6952, 0.65
6953, 0.49
6954, 0.49
6955, 0.80
6956, 0.44
6957, 0.51
6958, 0.07
6959, 0.86
6960, 0.46
6961, 0.86
6962, 0.48
6963, 0.82
6964, 0.86
6965, 0.85
6966, 0.19
6967, 0.51
6968, 0.82
6969, 0.84
6970, 0.47
6971, 0.50
6972, 0.84
6973, 0.50
6974, 0.90
6975, 0.84
6976, 0.53
6977, 0.44
6978, 0.85
6979, 0.15
6980, 0.85
6981, 0.43
6982, 0.48
6983, 0.85
6984, 0.48
6985, 0.08
6986, 0.49
6987, 0.84
6988, 0.86
6989, 0.89
6990, 0.51
6991, 0.52
6992, 0.50
6993, 0.55
6994, 0.83
6995, 0.84
6996, 0.85
6997, 0.85
6998, 0.53
6999, 0.50
7000, 0.46
7001, 0.60
7002, 0.86
7003, 0.80
7004, 0.83
7005, 0.89
7006, 0.84
7007, 0.83
7008, 0.84
7009, 0.47
7010, 0.91
7011, 0.50
7012, 0.48
7013, 0.77
7014, 0.49
7015, 0.82
7016, 0.49
7017, 0.52
7018, 0.48
7019, 0.84
7020, 0.52
7021, 0.49
7022, 0.43
7023, 0.83
7024, 0.84
7025, 0.51
7026, 0.83
7027, 0.42
7028, 0.50
7029, 0.52
7030, 0.49
7031, 0.88
7032, 0.84
7033, 0.43
7034, 0.83
7035, 0.83
7036, 0.93
7037, 0.39
7038, 0.51
7039, 0.86
7040, 0.53
7041, 0.52
7042, 0.83
7043, 0.46
7044, 0.44
7045, 0.92
7046, 0.51
7047, 0.17
7048, 0.84
7049, 0.90
7050, 0.83
7051, 0.50
7052, 0.49
7053, 0.45
7054, 0.85
7055, 0.83
7056, 0.50
7057, 0.76
7058, 0.57
7059, 0.07
7060, 0.51
7061, 0.40
7062, 0.79
7063, 0.58
7064, 0.51
7065, 0.80
7066, 0.77
7067, 0.86
7068, 0.49
7069, 0.49
7070, 0.86
7071, 0.86
7072, 0.86
7073, 0.40
7074, 0.53
7075, 0.07
7076, 0.90
7077, 0.11
7078, 0.49
7079, 0.85
7080, 0.84
7081, 0.51
7082, 0.42
7083, 0.47
7084, 0.80
7085, 0.21
7086, 0.48
7087, 0.84
7088, 0.86
7089, 0.53
7090, 0.53
7091, 0.88
7092, 0.85
7093, 0.48
7094, 0.09
7095, 0.81
7096, 0.85
7097, 0.53
7098, 0.75
7099, 0.19
7100, 0.79
7101, 0.57
7102, 0.57
7103, 0.43
7104, 0.20
7105, 0.85
7106, 0.89
7107, 0.45
7108, 0.52
7109, 0.53
7110, 0.47
7111, 0.84
7112, 0.51
7113, 0.89
7114, 0.81
7115, 0.50
7116, 0.87
7117, 0.53
7118, 0.55
7119, 0.89
7120, 0.53
7121, 0.16
7122, 0.46
7123, 0.85
7124, 0.54
7125, 0.15
7126, 0.46
7127, 0.51
7128, 0.86
7129, 0.84
7130, 0.84
7131, 0.87
7132, 0.51
7133, 0.07
7134, 0.43
7135, 0.85
7136, 0.49
7137, 0.08
7138, 0.87
7139, 0.49
7140, 0.41
7141, 0.15
7142, 0.52
7143, 0.49
7144, 0.52
7145, 0.82
7146, 0.53
7147, 0.18
7148, 0.85
7149, 0.49
7150, 0.83
7151, 0.49
7152, 0.74
7153, 0.50
7154, 0.84
7155, 0.85
7156, 0.60
7157, 0.61
7158, 0.51
7159, 0.54
7160, 0.51
7161, 0.44
7162, 0.44
7163, 0.49
7164, 0.59
7165, 0.90
7166, 0.93
7167, 0.49
7168, 0.48
7169, 0.53
7170, 0.88
7171, 0.18
7172, 0.84
7173, 0.50
7174, 0.52
7175, 0.83
7176, 0.56
7177, 0.54
7178, 0.53
7179, 0.83
7180, 0.83
7181, 0.84
7182, 0.44
7183, 0.84
7184, 0.43
7185, 0.84
7186, 0.45
7187, 0.84
7188, 0.46
7189, 0.56
7190, 0.86
7191, 0.50
7192, 0.85
7193, 0.85
7194, 0.85
7195, 0.86
7196, 0.46
7197, 0.06
7198, 0.52
7199, 0.51
7200, 0.83
7201, 0.83
7202, 0.50
7203, 0.41
7204, 0.50
7205, 0.84
7206, 0.55
7207, 0.50
7208, 0.92
7209, 0.53
7210, 0.82
7211, 0.83
7212, 0.15
7213, 0.82
7214, 0.53
7215, 0.43
7216, 0.85
7217, 0.83
7218, 0.50
7219, 0.54
7220, 0.81
7221, 0.85
7222, 0.85
7223, 0.44
7224, 0.85
7225, 0.81
7226, 0.83
7227, 0.17
7228, 0.50
7229, 0.50
7230, 0.49
7231, 0.53
7232, 0.50
7233, 0.81
7234, 0.86
7235, 0.42
7236, 0.51
7237, 0.84
7238, 0.48
7239, 0.14
7240, 0.51
7241, 0.84
7242, 0.85
7243, 0.49
7244, 0.50
7245, 0.51
7246, 0.52
7247, 0.47
7248, 0.46
7249, 0.84
7250, 0.51
7251, 0.83
7252, 0.57
7253, 0.55
7254, 0.56
7255, 0.82
7256, 0.85
7257, 0.77
7258, 0.84
7259, 0.81
7260, 0.51
7261, 0.15
7262, 0.93
7263, 0.84
7264, 0.49
7265, 0.52
7266, 0.50
7267, 0.88
7268, 0.48
7269, 0.81
7270, 0.50
7271, 0.83
7272, 0.77
7273, 0.51
7274, 0.83
7275, 0.82
7276, 0.75
7277, 0.50
7278, 0.86
7279, 0.85
7280, 0.84
7281, 0.48
7282, 0.49
7283, 0.52
7284, 0.86
7285, 0.51
7286, 0.87
7287, 0.83
7288, 0.50
7289, 0.53
7290, 0.49
7291, 0.85
7292, 0.51
7293, 0.56
7294, 0.16
7295, 0.38
7296, 0.81
7297, 0.86
7298, 0.86
7299, 0.52
7300, 0.85
7301, 0.50
7302, 0.49
7303, 0.41
7304, 0.09
7305, 0.86
7306, 0.86
7307, 0.84
7308, 0.49
7309, 0.54
7310, 0.83
7311, 0.49
7312, 0.58
7313, 0.81
7314, 0.49
7315, 0.51
7316, 0.50
7317, 0.85
7318, 0.46
7319, 0.84
7320, 0.43
7321, 0.82
7322, 0.86
7323, 0.51
7324, 0.82
7325, 0.85
7326, 0.84
7327, 0.84
7328, 0.54
7329, 0.85
7330, 0.80
7331, 0.86
7332, 0.51
7333, 0.85
7334, 0.87
7335, 0.88
7336, 0.85
7337, 0.84
7338, 0.80
7339, 0.51
7340, 0.54
7341, 0.50
7342, 0.85
7343, 0.78
7344, 0.51
7345, 0.05
7346, 0.84
7347, 0.51
7348, 0.42
7349, 0.84
7350, 0.47
7351, 0.89
7352, 0.88
7353, 0.53
7354, 0.86
7355, 0.85
7356, 0.87
7357, 0.51
7358, 0.59
7359, 0.85
7360, 0.51
7361, 0.89
7362, 0.85
7363, 0.52
7364, 0.57
7365, 0.55
7366, 0.51
7367, 0.84
7368, 0.81
7369, 0.76
7370, 0.49
7371, 0.43
7372, 0.48
7373, 0.84
7374, 0.51
7375, 0.54
7376, 0.93
7377, 0.45
7378, 0.53
7379, 0.53
7380, 0.84
7381, 0.51
7382, 0.49
7383, 0.57
7384, 0.83
7385, 0.42
7386, 0.86
7387, 0.85
7388, 0.82
7389, 0.82
7390, 0.84
7391, 0.51
7392, 0.86
7393, 0.53
7394, 0.78
7395, 0.62
7396, 0.51
7397, 0.49
7398, 0.50
7399, 0.56
7400, 0.80
7401, 0.84
7402, 0.88
7403, 0.48
7404, 0.83
7405, 0.51
7406, 0.47
7407, 0.48
7408, 0.53
7409, 0.08
7410, 0.53
7411, 0.40
7412, 0.52
7413, 0.51
7414, 0.82
7415, 0.84
7416, 0.08
7417, 0.82
7418, 0.38
7419, 0.51
7420, 0.90
7421, 0.70
