Id,Predicted
0, 0.32
1, 0.19
2, 0.48
3, 0.35
4, 0.97
5, 0.16
6, 0.59
7, 0.36
8, 0.44
9, 0.69
10, 0.44
11, 0.53
12, 0.39
13, 0.51
14, 0.94
15, 0.96
16, 0.83
17, 0.52
18, 0.55
19, 0.37
20, 0.47
21, 0.87
22, 0.51
23, 0.47
24, 0.64
25, 0.43
26, 0.60
27, 0.49
28, 0.51
29, 0.51
30, 0.49
31, 0.45
32, 0.51
33, 0.32
34, 0.66
35, 0.37
36, 0.44
37, 0.53
38, 0.55
39, 0.87
40, 0.50
41, 0.33
42, 0.52
43, 0.36
44, 0.85
45, 0.50
46, 0.48
47, 0.26
48, 0.46
49, 0.57
50, 0.25
51, 0.19
52, 0.14
53, 0.52
54, 0.37
55, 0.46
56, 0.37
57, 0.21
58, 0.33
59, 0.49
60, 0.61
61, 0.47
62, 0.20
63, 0.82
64, 0.99
65, 0.46
66, 0.64
67, 0.39
68, 0.08
69, 0.39
70, 0.57
71, 0.94
72, 0.88
73, 0.38
74, 0.02
75, 0.60
76, 0.51
77, 0.34
78, 0.42
79, 0.15
80, 0.54
81, 0.54
82, 0.52
83, 0.96
84, 0.58
85, 0.64
86, 0.54
87, 0.42
88, 0.37
89, 0.99
90, 0.44
91, 0.93
92, 0.49
93, 0.46
94, 0.85
95, 0.41
96, 0.22
97, 0.44
98, 0.99
99, 0.43
100, 0.50
101, 0.51
102, 0.08
103, 0.59
104, 0.56
105, 0.51
106, 0.50
107, 0.39
108, 0.41
109, 0.66
110, 0.20
111, 0.48
112, 0.38
113, 0.51
114, 0.47
115, 0.43
116, 0.52
117, 0.49
118, 0.07
119, 0.42
120, 0.09
121, 0.65
122, 0.41
123, 0.32
124, 0.51
125, 0.12
126, 0.60
127, 0.59
128, 0.60
129, 0.34
130, 0.22
131, 0.81
132, 0.15
133, 0.29
134, 0.45
135, 0.54
136, 0.20
137, 0.29
138, 0.46
139, 0.74
140, 0.34
141, 0.38
142, 0.48
143, 0.87
144, 0.95
145, 0.54
146, 0.41
147, 0.43
148, 0.46
149, 0.34
150, 0.31
151, 0.98
152, 0.21
153, 0.30
154, 0.43
155, 0.69
156, 0.27
157, 0.54
158, 0.51
159, 0.28
160, 0.54
161, 0.48
162, 0.73
163, 0.25
164, 0.60
165, 0.45
166, 0.15
167, 0.47
168, 0.97
169, 0.38
170, 0.35
171, 0.52
172, 0.81
173, 0.70
174, 0.38
175, 0.55
176, 0.29
177, 0.20
178, 0.60
179, 0.46
180, 0.45
181, 0.45
182, 0.83
183, 0.43
184, 0.25
185, 0.48
186, 0.48
187, 0.46
188, 0.64
189, 0.49
190, 0.61
191, 0.45
192, 0.49
193, 0.42
194, 0.37
195, 0.12
196, 0.44
197, 0.69
198, 0.16
199, 0.16
200, 0.39
201, 0.40
202, 0.37
203, 0.36
204, 0.76
205, 0.35
206, 0.15
207, 0.35
208, 0.94
209, 0.49
210, 0.28
211, 0.51
212, 0.38
213, 0.56
214, 0.32
215, 0.53
216, 0.55
217, 0.60
218, 0.60
219, 0.21
220, 0.20
221, 0.44
222, 0.19
223, 0.10
224, 0.48
225, 0.49
226, 0.37
227, 0.65
228, 0.49
229, 0.38
230, 0.18
231, 0.14
232, 0.50
233, 0.37
234, 0.26
235, 0.26
236, 0.49
237, 0.16
238, 0.58
239, 0.44
240, 0.31
241, 0.60
242, 0.20
243, 0.14
244, 0.44
245, 0.42
246, 0.58
247, 0.63
248, 0.41
249, 0.14
250, 0.90
251, 0.44
252, 0.49
253, 0.18
254, 0.46
255, 0.57
256, 0.51
257, 0.58
258, 0.58
259, 0.44
260, 0.10
261, 0.17
262, 0.22
263, 0.95
264, 0.48
265, 0.50
266, 0.40
267, 0.67
268, 0.43
269, 0.50
270, 0.53
271, 0.59
272, 0.44
273, 0.43
274, 0.57
275, 0.60
276, 0.46
277, 0.17
278, 0.44
279, 0.36
280, 0.96
281, 0.71
282, 0.96
283, 0.44
284, 0.60
285, 0.54
286, 0.49
287, 0.49
288, 0.96
289, 0.38
290, 0.50
291, 0.45
292, 0.92
293, 0.41
294, 0.21
295, 0.60
296, 0.23
297, 0.49
298, 0.31
299, 0.41
300, 0.41
301, 0.44
302, 0.46
303, 0.40
304, 0.50
305, 0.57
306, 0.47
307, 0.49
308, 0.48
309, 0.46
310, 0.53
311, 0.19
312, 0.97
313, 0.36
314, 0.46
315, 0.41
316, 0.51
317, 0.74
318, 0.43
319, 0.15
320, 0.25
321, 0.97
322, 0.17
323, 0.15
324, 0.64
325, 0.81
326, 0.56
327, 0.40
328, 0.48
329, 0.54
330, 0.25
331, 0.39
332, 0.12
333, 0.14
334, 0.84
335, 0.55
336, 0.39
337, 0.67
338, 0.50
339, 0.44
340, 0.50
341, 0.54
342, 0.41
343, 0.08
344, 0.95
345, 0.51
346, 0.19
347, 0.46
348, 0.33
349, 0.58
350, 0.77
351, 0.37
352, 0.57
353, 0.61
354, 0.46
355, 0.50
356, 0.47
357, 0.28
358, 0.46
359, 0.43
360, 0.42
361, 0.45
362, 0.34
363, 0.60
364, 0.49
365, 0.50
366, 0.54
367, 0.84
368, 0.50
369, 0.18
370, 0.39
371, 0.72
372, 0.49
373, 0.94
374, 1.01
375, 0.59
376, 0.43
377, 0.38
378, 0.43
379, 0.43
380, 0.49
381, 0.22
382, 0.24
383, 0.51
384, 0.54
385, 0.43
386, 0.21
387, 0.45
388, 0.54
389, 0.27
390, 0.88
391, 0.46
392, 0.59
393, 0.45
394, 0.47
395, 0.46
396, 0.58
397, 0.17
398, 0.50
399, 0.81
400, 0.54
401, 0.54
402, 0.57
403, 0.51
404, 0.31
405, 0.51
406, 0.28
407, 0.63
408, 0.46
409, 0.27
410, 0.27
411, 0.56
412, 0.40
413, 0.47
414, 0.21
415, 0.39
416, 0.35
417, 0.90
418, 0.57
419, 0.49
420, 0.57
421, 0.54
422, 0.57
423, 0.54
424, 0.94
425, 0.62
426, 0.49
427, 0.76
428, 1.02
429, 0.24
430, 0.49
431, 0.44
432, 0.54
433, 0.22
434, 0.99
435, 0.55
436, 0.48
437, 0.44
438, 0.57
439, 0.23
440, 0.89
441, 0.39
442, 0.30
443, 0.40
444, 0.54
445, 0.46
446, 0.49
447, 0.19
448, 0.46
449, 0.88
450, 0.51
451, 0.16
452, 0.64
453, 0.59
454, 0.41
455, 0.44
456, 0.41
457, 0.31
458, 0.52
459, 0.35
460, 0.60
461, 0.47
462, 0.51
463, 0.96
464, 0.98
465, 0.42
466, 0.47
467, 0.58
468, 0.91
469, 0.51
470, 0.37
471, 0.52
472, 0.21
473, 0.58
474, 0.91
475, 0.67
476, 0.99
477, 0.49
478, 0.17
479, 0.36
480, 0.45
481, 0.83
482, 0.96
483, 0.52
484, 0.34
485, 0.50
486, 0.34
487, 1.02
488, 0.45
489, 0.38
490, 0.27
491, 0.20
492, 0.38
493, 0.38
494, 0.30
495, 0.29
496, 0.26
497, 0.49
498, 0.78
499, 0.80
500, 0.86
501, 0.33
502, 0.23
503, 0.53
504, 0.60
505, 0.97
506, 0.54
507, 0.94
508, 0.50
509, 0.36
510, 0.57
511, 0.49
512, 0.39
513, 0.39
514, 0.47
515, 0.57
516, 0.32
517, 0.58
518, 0.39
519, 0.41
520, 0.21
521, 0.44
522, 0.18
523, 0.55
524, 0.57
525, 0.50
526, 0.40
527, 0.61
528, 0.51
529, 0.48
530, 0.46
531, 0.52
532, 0.30
533, 0.53
534, 0.41
535, 0.54
536, 0.43
537, 0.47
538, 0.49
539, 0.25
540, 0.94
541, 0.48
542, 0.52
543, 0.95
544, 0.45
545, 0.42
546, 0.84
547, 0.46
548, 0.39
549, 0.40
550, 0.35
551, 0.41
552, 0.96
553, 0.17
554, 0.50
555, 0.45
556, 0.10
557, 0.91
558, 0.67
559, 0.50
560, 0.45
561, 0.36
562, 0.75
563, 0.98
564, 0.34
565, 0.90
566, 0.47
567, 1.11
568, 0.51
569, 0.92
570, 0.53
571, 0.62
572, 0.51
573, 0.10
574, 0.47
575, 0.60
576, 0.63
577, 0.64
578, 0.53
579, 0.81
580, 0.34
581, 0.53
582, 0.30
583, 0.44
584, 0.30
585, 0.34
586, 0.21
587, 0.46
588, 0.18
589, 0.21
590, 0.43
591, 0.59
592, 0.56
593, 0.95
594, 0.61
595, 0.91
596, 0.42
597, 0.47
598, 0.55
599, 0.58
600, 0.62
601, 1.01
602, 0.66
603, 0.45
604, 0.64
605, 0.14
606, 0.35
607, 0.18
608, 0.94
609, 0.47
610, 0.52
611, 0.47
612, 0.32
613, 0.47
614, 0.63
615, 0.42
616, 0.38
617, 0.51
618, 0.33
619, 0.11
620, 0.45
621, 0.50
622, 0.43
623, 0.45
624, 0.37
625, 0.48
626, 0.35
627, 1.02
628, 0.46
629, 0.65
630, 0.45
631, 0.38
632, 0.31
633, 0.47
634, 0.93
635, 0.54
636, 1.08
637, 0.54
638, 0.32
639, 0.51
640, 0.45
641, 0.51
642, 0.48
643, 0.64
644, 0.41
645, 0.35
646, 0.40
647, 0.41
648, 0.89
649, 0.44
650, 0.35
651, 0.49
652, 0.79
653, 0.70
654, 0.89
655, 0.23
656, 0.73
657, 0.45
658, 0.18
659, 0.43
660, 0.89
661, 0.56
662, 0.52
663, 0.50
664, 0.53
665, 0.44
666, 0.42
667, 0.99
668, 0.73
669, 0.95
670, 0.47
671, 0.55
672, 0.97
673, 0.76
674, 0.45
675, 0.87
676, 0.19
677, 0.03
678, 0.23
679, 0.46
680, 0.97
681, 0.89
682, 0.50
683, 0.36
684, 0.57
685, 0.42
686, 0.46
687, 0.61
688, 0.32
689, 0.17
690, 0.60
691, 0.58
692, 0.54
693, 0.35
694, 0.70
695, 0.40
696, 0.66
697, 0.57
698, 0.39
699, 0.53
700, 0.28
701, 0.33
702, 0.46
703, 0.47
704, 0.32
705, 0.43
706, 0.25
707, 0.21
708, 0.42
709, 0.21
710, 0.95
711, 0.47
712, 0.52
713, 0.44
714, 0.56
715, 0.40
716, 0.20
717, 0.35
718, 0.47
719, 0.49
720, 0.07
721, 0.58
722, 0.19
723, 0.37
724, 0.29
725, 0.47
726, 0.53
727, 0.40
728, 0.41
729, 0.28
730, 0.39
731, 0.26
732, 0.41
733, 0.94
734, 0.22
735, 0.32
736, 0.49
737, 0.13
738, 0.52
739, 0.29
740, 0.56
741, 0.14
742, 0.47
743, 0.30
744, 0.92
745, 0.42
746, 0.32
747, 0.53
748, 0.28
749, 0.69
750, 0.46
751, 0.42
752, 0.59
753, 0.75
754, 0.50
755, 0.33
756, 0.53
757, 0.75
758, 0.16
759, 0.48
760, 0.04
761, 0.62
762, 0.43
763, 0.43
764, 0.37
765, 0.28
766, 0.74
767, 0.40
768, 0.22
769, 0.40
770, 0.67
771, 0.67
772, 0.45
773, 0.51
774, 0.42
775, 0.51
776, 0.61
777, 0.38
778, 0.68
779, 0.51
780, 0.45
781, 0.60
782, 0.73
783, 0.43
784, 0.70
785, 0.46
786, 0.44
787, 0.37
788, 0.66
789, 0.16
790, 0.25
791, 0.68
792, 0.46
793, 0.29
794, 0.55
795, 0.62
796, 0.22
797, 0.51
798, 0.54
799, 0.95
800, 0.49
801, 0.65
802, 0.47
803, 0.93
804, 0.43
805, 0.41
806, 0.26
807, 0.57
808, 0.22
809, 0.09
810, 0.41
811, 0.58
812, 0.88
813, 0.18
814, 0.40
815, 0.30
816, 0.50
817, 0.35
818, 0.23
819, 0.44
820, 0.56
821, 0.17
822, 0.78
823, 0.40
824, 0.29
825, 0.19
826, 0.46
827, 0.54
828, 0.92
829, 0.51
830, 0.26
831, 0.53
832, 0.33
833, 0.45
834, 0.56
835, 0.39
836, 0.60
837, 0.41
838, 0.82
839, 0.45
840, 0.14
841, 0.52
842, 0.44
843, 0.70
844, 0.42
845, 0.55
846, 0.57
847, 0.04
848, 0.36
849, 0.45
850, 0.16
851, 0.49
852, 0.16
853, 0.49
854, 0.54
855, 0.94
856, 0.46
857, 0.40
858, 0.46
859, 0.72
860, 0.54
861, 0.47
862, 0.48
863, 0.45
864, 0.53
865, 0.48
866, 0.35
867, 0.15
868, 0.40
869, 0.42
870, 0.15
871, 0.59
872, 0.94
873, 0.89
874, 0.16
875, 0.07
876, 0.41
877, 0.64
878, 0.44
879, 0.48
880, 0.57
881, 0.36
882, 0.39
883, 0.61
884, 0.28
885, 0.44
886, 0.89
887, 0.41
888, 0.59
889, 0.44
890, 0.86
891, 0.45
892, 0.61
893, 0.31
894, 0.94
895, 0.56
896, 0.44
897, 0.47
898, 0.64
899, 0.11
900, 0.50
901, 0.44
902, 0.56
903, 0.41
904, 0.95
905, 0.93
906, 0.49
907, 0.51
908, 0.24
909, 0.40
910, 0.86
911, 0.52
912, 0.28
913, 0.32
914, 0.30
915, 0.42
916, 0.53
917, 0.96
918, 0.57
919, 0.55
920, 0.33
921, 0.51
922, 0.44
923, 0.57
924, 0.63
925, 0.47
926, 0.35
927, 0.95
928, 0.18
929, 0.87
930, 0.43
931, 0.42
932, 0.28
933, 0.75
934, 0.55
935, 0.36
936, 0.50
937, 0.34
938, 0.47
939, 0.80
940, 0.58
941, 0.14
942, 0.41
943, 0.51
944, 0.55
945, 0.31
946, 0.57
947, 0.98
948, 0.17
949, 0.28
950, 0.53
951, 0.59
952, 0.30
953, 0.58
954, 0.31
955, 0.31
956, 0.52
957, 0.51
958, 0.45
959, 0.05
960, 0.45
961, 0.58
962, 0.62
963, 0.70
964, 0.54
965, 0.39
966, 0.37
967, 0.56
968, 0.25
969, 0.43
970, 0.40
971, 0.18
972, 0.51
973, 0.24
974, 0.58
975, 0.55
976, 0.53
977, 0.47
978, 0.37
979, 0.57
980, 0.45
981, 0.46
982, 0.48
983, 0.60
984, 0.42
985, 0.35
986, 0.30
987, 0.47
988, 0.61
989, 0.47
990, 0.16
991, 0.27
992, 0.32
993, 0.45
994, 0.22
995, 0.46
996, 0.52
997, 0.53
998, 0.30
999, 0.52
1000, 0.47
1001, 0.54
1002, 0.39
1003, 0.46
1004, 0.99
1005, 0.28
1006, 0.37
1007, 0.91
1008, 0.54
1009, 0.34
1010, 0.43
1011, 0.39
1012, 0.58
1013, 0.52
1014, 0.09
1015, 0.47
1016, 0.64
1017, 0.45
1018, 0.56
1019, 0.63
1020, 0.22
1021, 0.59
1022, 0.54
1023, 0.46
1024, 0.52
1025, 0.32
1026, 0.98
1027, 0.52
1028, 0.94
1029, 0.49
1030, 0.09
1031, 0.98
1032, 0.50
1033, 0.51
1034, 0.55
1035, 0.85
1036, 0.44
1037, 0.43
1038, 0.40
1039, 0.53
1040, 0.52
1041, 0.49
1042, 0.98
1043, 0.49
1044, 0.45
1045, 0.61
1046, 0.47
1047, 0.35
1048, 0.48
1049, 0.27
1050, 0.41
1051, 0.73
1052, 0.59
1053, 0.28
1054, 0.17
1055, 0.97
1056, 0.11
1057, 0.34
1058, 0.48
1059, 0.45
1060, 0.57
1061, 0.38
1062, 0.56
1063, 0.50
1064, 0.97
1065, 0.42
1066, 1.01
1067, 0.33
1068, 0.27
1069, 0.56
1070, 0.75
1071, 0.54
1072, 0.49
1073, 0.58
1074, 0.13
1075, 0.13
1076, 0.38
1077, 0.53
1078, 0.43
1079, 0.23
1080, 0.07
1081, 0.41
1082, 0.48
1083, 0.91
1084, 0.59
1085, 0.57
1086, 0.51
1087, 0.53
1088, 0.58
1089, 0.49
1090, 0.40
1091, 0.47
1092, 0.32
1093, 0.46
1094, 0.46
1095, 0.46
1096, 0.42
1097, 0.45
1098, 0.58
1099, 0.41
1100, 0.55
1101, 0.25
1102, 0.55
1103, 0.44
1104, 0.44
1105, 0.45
1106, 0.44
1107, 0.46
1108, 0.41
1109, 0.20
1110, 0.60
1111, 0.33
1112, 0.58
1113, 0.49
1114, 0.79
1115, 0.59
1116, 0.64
1117, 0.38
1118, 0.48
1119, 0.70
1120, 0.84
1121, 0.38
1122, 0.45
1123, 0.59
1124, 0.83
1125, 0.25
1126, 0.41
1127, 0.39
1128, 0.67
1129, 0.10
1130, 0.50
1131, 0.47
1132, 0.46
1133, 0.48
1134, 0.29
1135, 0.36
1136, 0.44
1137, 0.55
1138, 0.44
1139, 0.41
1140, 0.85
1141, 0.20
1142, 0.17
1143, 0.62
1144, 0.50
1145, 0.38
1146, 0.43
1147, 0.15
1148, 1.01
1149, 0.99
1150, 0.34
1151, 0.43
1152, 0.90
1153, 0.16
1154, 0.15
1155, 0.10
1156, 0.16
1157, 0.36
1158, 0.39
1159, 0.38
1160, 0.50
1161, 0.46
1162, 0.43
1163, 0.39
1164, 0.48
1165, 0.92
1166, 0.45
1167, 0.50
1168, 0.63
1169, 0.58
1170, 0.42
1171, 0.59
1172, 0.93
1173, 0.42
1174, 0.89
1175, 0.61
1176, 0.55
1177, 0.47
1178, 0.51
1179, 0.37
1180, 0.43
1181, 0.48
1182, 0.32
1183, 0.55
1184, 0.82
1185, 0.40
1186, 0.98
1187, 0.65
1188, 0.48
1189, 0.56
1190, 0.58
1191, 1.04
1192, 0.20
1193, 0.54
1194, 0.51
1195, 0.53
1196, 0.45
1197, 0.42
1198, 0.46
1199, 0.96
1200, 0.48
1201, 0.38
1202, 0.45
1203, 0.99
1204, 0.38
1205, 0.41
1206, 0.63
1207, 0.34
1208, 0.30
1209, 0.33
1210, 0.35
1211, 0.69
1212, 0.50
1213, 0.55
1214, 0.37
1215, 0.52
1216, 0.49
1217, 0.26
1218, 0.31
1219, 0.49
1220, 0.15
1221, 0.92
1222, 0.51
1223, 0.54
1224, 0.89
1225, 0.45
1226, 0.46
1227, 0.05
1228, 0.56
1229, 0.49
1230, 0.59
1231, 0.46
1232, 0.70
1233, 0.26
1234, 0.56
1235, 0.37
1236, 0.64
1237, 0.46
1238, 0.49
1239, 0.16
1240, 0.46
1241, 0.12
1242, 0.52
1243, 0.82
1244, 0.47
1245, 0.50
1246, 0.44
1247, 0.13
1248, 0.76
1249, 0.49
1250, 0.49
1251, 0.53
1252, 0.70
1253, 0.61
1254, 0.44
1255, 0.52
1256, 1.00
1257, 0.92
1258, 0.55
1259, 0.40
1260, 0.35
1261, 0.48
1262, 0.41
1263, 0.18
1264, 0.58
1265, 0.50
1266, 0.53
1267, 0.46
1268, 0.55
1269, 0.38
1270, 0.31
1271, 0.51
1272, 0.60
1273, 0.81
1274, 0.54
1275, 0.47
1276, 0.42
1277, 0.36
1278, 0.49
1279, 0.93
1280, 0.40
1281, 0.48
1282, 0.38
1283, 0.52
1284, 0.52
1285, 0.87
1286, 0.80
1287, 0.65
1288, 0.50
1289, 0.48
1290, 0.56
1291, 0.96
1292, 0.47
1293, 0.91
1294, 0.54
1295, 0.52
1296, 0.45
1297, 0.62
1298, 0.31
1299, 0.55
1300, 0.40
1301, 0.65
1302, 0.19
1303, 0.47
1304, 0.34
1305, 0.53
1306, 0.98
1307, 0.42
1308, 0.49
1309, 0.34
1310, 0.36
1311, 0.43
1312, 0.14
1313, 0.50
1314, 0.21
1315, 0.92
1316, 0.38
1317, 0.10
1318, 0.49
1319, 0.50
1320, 0.51
1321, 0.45
1322, 0.16
1323, 0.54
1324, 0.50
1325, 0.58
1326, 0.41
1327, 0.33
1328, 0.78
1329, 0.81
1330, 0.44
1331, 0.39
1332, 0.89
1333, 0.44
1334, 0.60
1335, 0.59
1336, 0.47
1337, 0.42
1338, 0.50
1339, 0.96
1340, 0.47
1341, 0.18
1342, 0.44
1343, 0.57
1344, 0.50
1345, 0.85
1346, 0.37
1347, 0.46
1348, 0.28
1349, 0.43
1350, 0.44
1351, 0.41
1352, 0.11
1353, 0.48
1354, 0.54
1355, 0.44
1356, 0.28
1357, 0.42
1358, 0.79
1359, 0.38
1360, 0.44
1361, 0.33
1362, 0.97
1363, 0.47
1364, 0.44
1365, 0.50
1366, 0.50
1367, 0.83
1368, 0.55
1369, 0.55
1370, 0.93
1371, 0.28
1372, 0.50
1373, 0.25
1374, 0.24
1375, 1.02
1376, 0.49
1377, 0.14
1378, 0.53
1379, 0.61
1380, 0.39
1381, 0.60
1382, 0.25
1383, 0.48
1384, 0.60
1385, 0.58
1386, 0.54
1387, 0.41
1388, 0.45
1389, 0.45
1390, 0.57
1391, 0.83
1392, 0.48
1393, 0.59
1394, 0.99
1395, 0.49
1396, 0.54
1397, 0.17
1398, 0.41
1399, 0.54
1400, 0.45
1401, 0.47
1402, 0.46
1403, 0.25
1404, 0.15
1405, 0.19
1406, 0.42
1407, 0.68
1408, 0.50
1409, 0.56
1410, 0.92
1411, 0.47
1412, 0.98
1413, 0.54
1414, 0.54
1415, 0.17
1416, 0.45
1417, 0.48
1418, 0.39
1419, 0.45
1420, 0.55
1421, 0.28
1422, 0.47
1423, 0.37
1424, 0.43
1425, 0.55
1426, 0.45
1427, 0.54
1428, 0.53
1429, 0.12
1430, 0.55
1431, 0.50
1432, 0.48
1433, 0.42
1434, 0.57
1435, 0.13
1436, 0.50
1437, 0.54
1438, 0.16
1439, 0.63
1440, 0.45
1441, 0.52
1442, 0.46
1443, 0.42
1444, 0.59
1445, 0.24
1446, 0.20
1447, 0.04
1448, 0.16
1449, 0.22
1450, 0.55
1451, 0.60
1452, 0.81
1453, 0.88
1454, 0.27
1455, 0.48
1456, 0.39
1457, 0.48
1458, 0.14
1459, 0.45
1460, 0.37
1461, 0.15
1462, 0.45
1463, 0.11
1464, 0.46
1465, 0.21
1466, 0.46
1467, 0.15
1468, 0.46
1469, 0.54
1470, 0.44
1471, 0.48
1472, 0.14
1473, 0.20
1474, 0.42
1475, 0.89
1476, 0.38
1477, 0.48
1478, 0.15
1479, 0.44
1480, 0.79
1481, 0.65
1482, 0.46
1483, 0.65
1484, 0.49
1485, 0.43
1486, 0.47
1487, 0.96
1488, 0.15
1489, 0.66
1490, 0.25
1491, 0.52
1492, 0.63
1493, 0.44
1494, 0.71
1495, 0.97
1496, 0.36
1497, 0.73
1498, 0.10
1499, 0.38
1500, 0.30
1501, 0.46
1502, 0.34
1503, 0.61
1504, 0.49
1505, 0.46
1506, 0.50
1507, 0.58
1508, 0.59
1509, 0.41
1510, 0.60
1511, 0.64
1512, 0.31
1513, 0.39
1514, 0.27
1515, 0.36
1516, 0.53
1517, 0.50
1518, 0.58
1519, 0.13
1520, 0.12
1521, 0.17
1522, 0.39
1523, 0.15
1524, 0.46
1525, 0.60
1526, 0.29
1527, 0.16
1528, 0.65
1529, 0.64
1530, 0.37
1531, 0.78
1532, 0.25
1533, 0.67
1534, 0.52
1535, 0.63
1536, 0.39
1537, 0.65
1538, 0.96
1539, 0.51
1540, 0.41
1541, 0.95
1542, 0.61
1543, 0.35
1544, 0.51
1545, 0.60
1546, 0.62
1547, 0.67
1548, 0.55
1549, 0.59
1550, 0.14
1551, 0.34
1552, 0.62
1553, 0.42
1554, 0.41
1555, 0.11
1556, 0.32
1557, 0.98
1558, 0.39
1559, 0.51
1560, 0.90
1561, 0.40
1562, 0.22
1563, 0.14
1564, 1.06
1565, 0.83
1566, 0.48
1567, 0.59
1568, 0.39
1569, 0.88
1570, 0.61
1571, 0.89
1572, 0.95
1573, 0.17
1574, 0.26
1575, 0.42
1576, 0.91
1577, 0.98
1578, 0.99
1579, 0.44
1580, 0.30
1581, 0.24
1582, 0.40
1583, 0.65
1584, 0.15
1585, 0.47
1586, 0.21
1587, 0.48
1588, 0.56
1589, 0.81
1590, 0.37
1591, 0.95
1592, 0.47
1593, 0.43
1594, 0.40
1595, 0.19
1596, 0.56
1597, 0.58
1598, 0.76
1599, 0.53
1600, 0.20
1601, 0.38
1602, 0.85
1603, 0.57
1604, 0.45
1605, 0.17
1606, 0.52
1607, 0.59
1608, 0.43
1609, 0.43
1610, 0.62
1611, 0.51
1612, 0.30
1613, 0.29
1614, 0.70
1615, 0.94
1616, 0.46
1617, 0.54
1618, 0.78
1619, 0.49
1620, 1.00
1621, 0.47
1622, 0.87
1623, 0.48
1624, 0.76
1625, 0.59
1626, 0.39
1627, 0.62
1628, 0.59
1629, 0.44
1630, 0.64
1631, 0.52
1632, 0.35
1633, 0.42
1634, 0.59
1635, 0.44
1636, 0.98
1637, 0.57
1638, 0.56
1639, 0.19
1640, 0.20
1641, 0.50
1642, 0.91
1643, 0.61
1644, 0.57
1645, 0.37
1646, 0.09
1647, 0.98
1648, 0.65
1649, 0.15
1650, 0.43
1651, 0.38
1652, 0.31
1653, 1.02
1654, 0.30
1655, 0.56
1656, 0.28
1657, 0.39
1658, 0.52
1659, 0.62
1660, 0.47
1661, 0.17
1662, 0.52
1663, 0.51
1664, 0.49
1665, 0.88
1666, 0.44
1667, 0.65
1668, 0.16
1669, 0.52
1670, 0.47
1671, 0.89
1672, 0.42
1673, 0.54
1674, 0.52
1675, 0.11
1676, 0.45
1677, 0.61
1678, 0.49
1679, 0.79
1680, 0.45
1681, 0.60
1682, 0.94
1683, 0.36
1684, 0.39
1685, 0.69
1686, 0.66
1687, 0.50
1688, 0.17
1689, 0.43
1690, 0.62
1691, 0.57
1692, 0.29
1693, 0.15
1694, 0.61
1695, 0.57
1696, 0.46
1697, 1.08
1698, 0.47
1699, 0.50
1700, 0.38
1701, 0.60
1702, 0.58
1703, 0.97
1704, 0.35
1705, 0.55
1706, 0.97
1707, 0.42
1708, 0.44
1709, 0.59
1710, 0.26
1711, 0.52
1712, 0.51
1713, 0.58
1714, 0.50
1715, 0.95
1716, 0.65
1717, 0.53
1718, 0.19
1719, 0.40
1720, 0.38
1721, 0.43
1722, 0.45
1723, 0.40
1724, 0.46
1725, 0.58
1726, 0.87
1727, 0.41
1728, 0.50
1729, 0.88
1730, 0.38
1731, 0.39
1732, 0.54
1733, 0.61
1734, 0.47
1735, 0.53
1736, 0.66
1737, 0.12
1738, 0.91
1739, 0.41
1740, 1.03
1741, 0.63
1742, 0.51
1743, 0.22
1744, 0.42
1745, 0.41
1746, 0.50
1747, 0.48
1748, 0.47
1749, 0.47
1750, 0.67
1751, 0.27
1752, 0.47
1753, 0.61
1754, 0.86
1755, 0.70
1756, 0.35
1757, 0.89
1758, 0.37
1759, 0.69
1760, 0.41
1761, 0.64
1762, 0.40
1763, 0.54
1764, 0.58
1765, 0.71
1766, 0.60
1767, 0.77
1768, 0.32
1769, 0.59
1770, 0.33
1771, 0.48
1772, 0.44
1773, 0.56
1774, 0.50
1775, 0.56
1776, 0.49
1777, 0.46
1778, 0.60
1779, 0.42
1780, 0.95
1781, 0.37
1782, 0.42
1783, 0.44
1784, 0.25
1785, 0.45
1786, 0.53
1787, 0.77
1788, 0.50
1789, 0.51
1790, 0.55
1791, 0.21
1792, 0.52
1793, 0.50
1794, 0.40
1795, 0.09
1796, 0.21
1797, 0.60
1798, 0.11
1799, 0.35
1800, 0.93
1801, 0.53
1802, 0.55
1803, 0.69
1804, 0.40
1805, 0.36
1806, 0.96
1807, 0.56
1808, 0.54
1809, 0.53
1810, 0.54
1811, 0.49
1812, 0.54
1813, 0.63
1814, 0.47
1815, 0.54
1816, 0.26
1817, 0.51
1818, 0.59
1819, 0.43
1820, 0.49
1821, 0.44
1822, 0.48
1823, 0.11
1824, 0.45
1825, 0.45
1826, 0.50
1827, 0.34
1828, 0.19
1829, 0.60
1830, 0.40
1831, 0.53
1832, 0.29
1833, 0.97
1834, 0.42
1835, 0.18
1836, 0.77
1837, 0.47
1838, 0.40
1839, 0.27
1840, 0.34
1841, 0.42
1842, 0.27
1843, 0.25
1844, 0.44
1845, 0.46
1846, 0.77
1847, 0.32
1848, 0.45
1849, 0.37
1850, 0.43
1851, 0.46
1852, 0.31
1853, 0.55
1854, 0.53
1855, 0.43
1856, 0.64
1857, 0.23
1858, 0.35
1859, 0.52
1860, 0.23
1861, 0.49
1862, 0.87
1863, 0.01
1864, 0.38
1865, 0.62
1866, 0.50
1867, 0.51
1868, 0.44
1869, 0.50
1870, 0.14
1871, 0.47
1872, 0.51
1873, 0.63
1874, 0.52
1875, 0.66
1876, 0.95
1877, 0.48
1878, 0.42
1879, 0.65
1880, 0.93
1881, 0.91
1882, 0.67
1883, 0.18
1884, 0.61
1885, 0.13
1886, 0.39
1887, 0.19
1888, 0.41
1889, 0.55
1890, 0.51
1891, 0.53
1892, 0.91
1893, 0.54
1894, 0.18
1895, 0.61
1896, 0.34
1897, 0.48
1898, 0.39
1899, 0.85
1900, 0.50
1901, 0.50
1902, 0.92
1903, 0.61
1904, 0.46
1905, 0.67
1906, 0.48
1907, 0.96
1908, 0.59
1909, 0.66
1910, 0.40
1911, 0.39
1912, 0.96
1913, 0.51
1914, 0.48
1915, 0.38
1916, 0.41
1917, 0.54
1918, 0.31
1919, 0.76
1920, 0.35
1921, 0.98
1922, 0.60
1923, 0.38
1924, 0.95
1925, 0.28
1926, 0.46
1927, 0.46
1928, 0.49
1929, 0.41
1930, 0.23
1931, 0.46
1932, 0.15
1933, 0.50
1934, 0.58
1935, 0.52
1936, 0.49
1937, 0.53
1938, 0.50
1939, 0.48
1940, 0.53
1941, 0.50
1942, 0.49
1943, 0.75
1944, 0.99
1945, 0.38
1946, 0.80
1947, 0.25
1948, 0.38
1949, 0.85
1950, 0.35
1951, 0.68
1952, 0.58
1953, 0.82
1954, 0.51
1955, 0.49
1956, 0.65
1957, 0.46
1958, 0.50
1959, 0.57
1960, 0.32
1961, 0.96
1962, 0.66
1963, 0.57
1964, 0.68
1965, 0.49
1966, 0.34
1967, 0.50
1968, 0.18
1969, 0.57
1970, 0.92
1971, 0.57
1972, 0.98
1973, 0.64
1974, 0.52
1975, 0.58
1976, 0.35
1977, 0.55
1978, 0.44
1979, 0.59
1980, 0.42
1981, 0.58
1982, 0.49
1983, 0.43
1984, 0.58
1985, 0.48
1986, 0.88
1987, 0.26
1988, 0.58
1989, 0.50
1990, 0.52
1991, 0.42
1992, 0.81
1993, 0.56
1994, 0.64
1995, 0.58
1996, 0.49
1997, 0.45
1998, 0.65
1999, 0.30
2000, 0.51
2001, 0.00
2002, 0.46
2003, 0.40
2004, 1.01
2005, 0.91
2006, 0.62
2007, 0.73
2008, 0.46
2009, 0.51
2010, 1.01
2011, 0.70
2012, 0.46
2013, 0.38
2014, 0.64
2015, 0.72
2016, 0.63
2017, 0.38
2018, 0.69
2019, 0.43
2020, 0.24
2021, 0.52
2022, 0.43
2023, 0.14
2024, 0.46
2025, 0.55
2026, 0.55
2027, 0.95
2028, 0.48
2029, 0.88
2030, 0.10
2031, 0.59
2032, 0.41
2033, 0.43
2034, 0.42
2035, 0.54
2036, 0.55
2037, 0.32
2038, 0.53
2039, 0.41
2040, 0.21
2041, 0.40
2042, 0.58
2043, 0.43
2044, 0.40
2045, 0.51
2046, 0.88
2047, 0.33
2048, 0.49
2049, 0.52
2050, 0.35
2051, 0.25
2052, 0.53
2053, 0.56
2054, 0.44
2055, 0.40
2056, 0.46
2057, 0.38
2058, 0.24
2059, 0.55
2060, 0.41
2061, 0.45
2062, 0.29
2063, 0.38
2064, 0.43
2065, 0.95
2066, 0.09
2067, 0.62
2068, 0.37
2069, 0.24
2070, 0.41
2071, 0.36
2072, -0.02
2073, 0.45
2074, 0.42
2075, 0.51
2076, 0.43
2077, 0.43
2078, 0.50
2079, 0.36
2080, 0.74
2081, 0.91
2082, 0.42
2083, 0.38
2084, 0.58
2085, 0.46
2086, 0.37
2087, 0.98
2088, 0.44
2089, 0.48
2090, 0.42
2091, 0.54
2092, 0.68
2093, 0.53
2094, 0.40
2095, 0.33
2096, 0.34
2097, 0.24
2098, 0.10
2099, 0.55
2100, 0.37
2101, 0.41
2102, 0.47
2103, 0.44
2104, 0.10
2105, 0.76
2106, 0.75
2107, 0.97
2108, 0.33
2109, 0.65
2110, 0.68
2111, 0.55
2112, 0.18
2113, 0.30
2114, 0.08
2115, 0.87
2116, 0.20
2117, 0.70
2118, 0.17
2119, 0.51
2120, 0.51
2121, 0.43
2122, 0.52
2123, 0.44
2124, 0.65
2125, 0.47
2126, 0.54
2127, 0.67
2128, 0.51
2129, 0.47
2130, 0.51
2131, 0.34
2132, 0.38
2133, 0.84
2134, 0.95
2135, 0.64
2136, 0.53
2137, 0.96
2138, 0.51
2139, 0.44
2140, 0.41
2141, 1.05
2142, 0.48
2143, 0.39
2144, 0.38
2145, 0.55
2146, 0.59
2147, 0.55
2148, 0.67
2149, 0.27
2150, 0.19
2151, 0.79
2152, 0.48
2153, 0.44
2154, 0.87
2155, 0.67
2156, 0.43
2157, 0.46
2158, 0.47
2159, 0.58
2160, 0.63
2161, 0.62
2162, 0.38
2163, 0.17
2164, 0.30
2165, 0.46
2166, 0.66
2167, 0.50
2168, 0.91
2169, 0.52
2170, 0.49
2171, 0.43
2172, 0.29
2173, 0.59
2174, 0.33
2175, 0.50
2176, 0.49
2177, 0.57
2178, 0.40
2179, 0.50
2180, 0.52
2181, 0.46
2182, 0.96
2183, 0.55
2184, 0.30
2185, 0.51
2186, 0.55
2187, 0.31
2188, 0.70
2189, 0.40
2190, 0.15
2191, 0.19
2192, 0.37
2193, 0.89
2194, 0.28
2195, 0.50
2196, 0.78
2197, 0.06
2198, 0.45
2199, 0.38
2200, 0.41
2201, 0.49
2202, 0.88
2203, 0.82
2204, 0.69
2205, 0.33
2206, 0.21
2207, 0.35
2208, 0.21
2209, 0.27
2210, 0.88
2211, 0.26
2212, 0.58
2213, 0.47
2214, 0.20
2215, 0.42
2216, 0.09
2217, 0.95
2218, 0.49
2219, 0.48
2220, 0.56
2221, 0.47
2222, 0.49
2223, 0.54
2224, 0.19
2225, 0.57
2226, 0.61
2227, 0.48
2228, 0.35
2229, 0.49
2230, 0.44
2231, 0.51
2232, 0.86
2233, 0.46
2234, 0.48
2235, 0.57
2236, 0.37
2237, 0.45
2238, 0.32
2239, 0.36
2240, 0.59
2241, 0.45
2242, 0.56
2243, 0.97
2244, 0.07
2245, 0.57
2246, 0.45
2247, 0.52
2248, 0.23
2249, 0.29
2250, 0.80
2251, 0.44
2252, 0.51
2253, 0.34
2254, 0.16
2255, 0.81
2256, 0.17
2257, 0.32
2258, 0.38
2259, 0.22
2260, 0.72
2261, 0.91
2262, 0.63
2263, 0.41
2264, 0.29
2265, 0.13
2266, 0.60
2267, 0.27
2268, 0.97
2269, 0.61
2270, 0.17
2271, 0.42
2272, 0.51
2273, 0.36
2274, 0.26
2275, 0.87
2276, 0.45
2277, 0.35
2278, 0.37
2279, 0.14
2280, 0.63
2281, 0.59
2282, 0.44
2283, 0.60
2284, 0.59
2285, 0.49
2286, 0.50
2287, 0.19
2288, 0.46
2289, 0.68
2290, 1.00
2291, 0.37
2292, 0.98
2293, 1.00
2294, 0.53
2295, 0.67
2296, 0.66
2297, 0.75
2298, 0.54
2299, 0.11
2300, 0.99
2301, 0.37
2302, 0.25
2303, 0.36
2304, 0.36
2305, 0.56
2306, 0.29
2307, 0.64
2308, 0.61
2309, 0.78
2310, 0.48
2311, 0.52
2312, 0.42
2313, 0.36
2314, 0.47
2315, 0.42
2316, 0.34
2317, 0.71
2318, 0.51
2319, 0.40
2320, 0.53
2321, 0.46
2322, 0.17
2323, 0.36
2324, 0.39
2325, 0.40
2326, 0.29
2327, 0.37
2328, 0.37
2329, 0.09
2330, 0.53
2331, 0.52
2332, 0.48
2333, 0.88
2334, 0.40
2335, 0.37
2336, 0.97
2337, 0.57
2338, 0.54
2339, 0.50
2340, 0.38
2341, 0.47
2342, 0.23
2343, 0.91
2344, 0.28
2345, 0.34
2346, 0.53
2347, 0.52
2348, 0.50
2349, 0.37
2350, 0.43
2351, 0.83
2352, 0.53
2353, 0.18
2354, 0.68
2355, 0.51
2356, 0.27
2357, 0.93
2358, 0.40
2359, 0.23
2360, 0.40
2361, 0.93
2362, 0.51
2363, 1.00
2364, 0.62
2365, 0.72
2366, 0.49
2367, 0.09
2368, 0.48
2369, 0.42
2370, 0.48
2371, 0.40
2372, 0.43
2373, 0.45
2374, 0.21
2375, 0.60
2376, 0.56
2377, 0.42
2378, 0.53
2379, 0.53
2380, 0.49
2381, 0.19
2382, 0.46
2383, 0.40
2384, 0.46
2385, 0.82
2386, 0.46
2387, 0.88
2388, 0.40
2389, 0.80
2390, 0.44
2391, 0.42
2392, 0.91
2393, 0.40
2394, 0.12
2395, 0.52
2396, 0.32
2397, 0.44
2398, 0.82
2399, 0.19
2400, 0.62
2401, 0.31
2402, 0.48
2403, 0.47
2404, 0.47
2405, 0.52
2406, 0.46
2407, 0.24
2408, 0.96
2409, 0.15
2410, 0.57
2411, 0.51
2412, 0.80
2413, 0.45
2414, 0.41
2415, 0.39
2416, 0.53
2417, 0.59
2418, 0.52
2419, 0.97
2420, 0.56
2421, 0.95
2422, 0.61
2423, 0.45
2424, 0.61
2425, 0.41
2426, 0.21
2427, 0.48
2428, 0.49
2429, 0.48
2430, 0.33
2431, 0.56
2432, 0.53
2433, 0.92
2434, 0.48
2435, 0.45
2436, 0.17
2437, 0.41
2438, 0.36
2439, 0.37
2440, 0.32
2441, 0.19
2442, 0.51
2443, 0.53
2444, 0.34
2445, 0.27
2446, 0.27
2447, 0.47
2448, 0.50
2449, 0.82
2450, 0.48
2451, 0.32
2452, 0.37
2453, 0.48
2454, 0.26
2455, 0.56
2456, 0.87
2457, 0.53
2458, 0.39
2459, 0.38
2460, 0.78
2461, 1.05
2462, 0.49
2463, 1.04
2464, 0.55
2465, 0.51
2466, 0.21
2467, 0.82
2468, 0.47
2469, 0.10
2470, 0.49
2471, 0.34
2472, 0.18
2473, 0.47
2474, 0.49
2475, 0.64
2476, 0.69
2477, 0.51
2478, 0.27
2479, 0.70
2480, 0.52
2481, 0.46
2482, 0.88
2483, 0.47
2484, 0.61
2485, 0.29
2486, 0.60
2487, 0.57
2488, 0.53
2489, 0.50
2490, 0.46
2491, 0.42
2492, 0.44
2493, 0.51
2494, 0.63
2495, 0.39
2496, 0.41
2497, 0.41
2498, 0.98
2499, 0.32
2500, 0.49
2501, 0.33
2502, 0.16
2503, 0.12
2504, 0.37
2505, 0.68
2506, 0.51
2507, 0.43
2508, 0.48
2509, 0.05
2510, 0.47
2511, 0.45
2512, 0.48
2513, 0.96
2514, 0.96
2515, 0.64
2516, 0.99
2517, 0.27
2518, 0.41
2519, 0.18
2520, 0.52
2521, 0.32
2522, 0.58
2523, 0.53
2524, 0.41
2525, 0.57
2526, 0.14
2527, 0.56
2528, 0.48
2529, 0.57
2530, 0.60
2531, 0.49
2532, 0.50
2533, 0.44
2534, 0.41
2535, 0.20
2536, 0.45
2537, 0.56
2538, 0.52
2539, 0.54
2540, 0.39
2541, 0.93
2542, 0.18
2543, 0.58
2544, 0.49
2545, 0.52
2546, 0.13
2547, 0.55
2548, 0.58
2549, 0.41
2550, 1.03
2551, 0.47
2552, 0.58
2553, 0.90
2554, 0.44
2555, 0.47
2556, 0.12
2557, 0.38
2558, 0.41
2559, 0.38
2560, 0.42
2561, 0.07
2562, 0.93
2563, 0.95
2564, 0.27
2565, 0.47
2566, 0.45
2567, 0.47
2568, 0.51
2569, 0.82
2570, 0.43
2571, 0.21
2572, 0.54
2573, 0.90
2574, 0.46
2575, 0.41
2576, 0.93
2577, 0.16
2578, 0.50
2579, 0.40
2580, 0.39
2581, 0.47
2582, 0.46
2583, 0.51
2584, 0.41
2585, 0.45
2586, 0.56
2587, 0.52
2588, 0.15
2589, 0.52
2590, 0.39
2591, 0.52
2592, 0.58
2593, 0.48
2594, 0.37
2595, 0.61
2596, 0.27
2597, 0.55
2598, 0.40
2599, 0.33
2600, 0.63
2601, 0.48
2602, 0.46
2603, 0.49
2604, 0.32
2605, 0.37
2606, 0.94
2607, 0.43
2608, 0.50
2609, 0.52
2610, 0.17
2611, 0.31
2612, 0.43
2613, 0.62
2614, 0.13
2615, 0.62
2616, 0.54
2617, 0.95
2618, 0.55
2619, 0.22
2620, 0.61
2621, 0.33
2622, 0.94
2623, 0.48
2624, 0.31
2625, 0.41
2626, 0.91
2627, 0.97
2628, 0.79
2629, 0.46
2630, 0.50
2631, 0.55
2632, 0.46
2633, 0.95
2634, 0.63
2635, 0.20
2636, 0.41
2637, 0.20
2638, 0.20
2639, 0.47
2640, 0.63
2641, 0.60
2642, 0.46
2643, 0.52
2644, 0.39
2645, 0.58
2646, 0.18
2647, 0.49
2648, 0.71
2649, 0.57
2650, 0.53
2651, 0.38
2652, 0.52
2653, 0.19
2654, 0.69
2655, 0.56
2656, 0.60
2657, 0.97
2658, 0.63
2659, 0.28
2660, 0.57
2661, 0.62
2662, 0.96
2663, 0.52
2664, 0.41
2665, 0.61
2666, 0.55
2667, 0.35
2668, 0.59
2669, 0.18
2670, 0.53
2671, 0.90
2672, 0.41
2673, 0.51
2674, 0.54
2675, 0.07
2676, 0.21
2677, 0.29
2678, 0.86
2679, 0.50
2680, 0.47
2681, 0.83
2682, 0.63
2683, 0.83
2684, 0.44
2685, 0.27
2686, 0.66
2687, 0.63
2688, 0.28
2689, 0.47
2690, 0.37
2691, 0.38
2692, 0.49
2693, 0.14
2694, 0.44
2695, 0.45
2696, 0.41
2697, 0.44
2698, 0.53
2699, 0.73
2700, 0.43
2701, 0.42
2702, 0.43
2703, 0.50
2704, 0.25
2705, 0.54
2706, 0.90
2707, 0.40
2708, 0.55
2709, 0.74
2710, 0.70
2711, 0.39
2712, 0.95
2713, 0.57
2714, 0.39
2715, 0.17
2716, 0.30
2717, 0.18
2718, 0.74
2719, 0.47
2720, 0.54
2721, 0.97
2722, 0.49
2723, 0.78
2724, 0.59
2725, 0.11
2726, 0.57
2727, 0.55
2728, 0.45
2729, 0.38
2730, 0.47
2731, 0.47
2732, 0.75
2733, 0.27
2734, 0.26
2735, 0.44
2736, 0.55
2737, 0.46
2738, 0.52
2739, 0.45
2740, 0.45
2741, 0.74
2742, 0.47
2743, 0.89
2744, 0.16
2745, 0.54
2746, 0.33
2747, 0.38
2748, 0.59
2749, 0.33
2750, 0.50
2751, 0.42
2752, 0.27
2753, 0.66
2754, 0.81
2755, 0.95
2756, 0.19
2757, 0.42
2758, 0.99
2759, 0.57
2760, 0.48
2761, 0.10
2762, 0.54
2763, 0.40
2764, 0.49
2765, 0.57
2766, 0.55
2767, 0.51
2768, 0.53
2769, 0.48
2770, 0.49
2771, 0.41
2772, 0.46
2773, 0.47
2774, 0.71
2775, 0.26
2776, 0.85
2777, 0.86
2778, 0.54
2779, 0.19
2780, 0.49
2781, 0.72
2782, 0.17
2783, 0.57
2784, 0.87
2785, 0.38
2786, 0.94
2787, 0.69
2788, 0.24
2789, 0.46
2790, 0.43
2791, 0.53
2792, 0.93
2793, 0.47
2794, 0.42
2795, 0.67
2796, 0.42
2797, 0.47
2798, 0.62
2799, 0.42
2800, 0.23
2801, 0.16
2802, 0.38
2803, 0.61
2804, 0.18
2805, 0.45
2806, 0.18
2807, 0.44
2808, 0.59
2809, 0.47
2810, 0.28
2811, 0.24
2812, 0.42
2813, 0.43
2814, 0.51
2815, 0.49
2816, 0.52
2817, 0.16
2818, 0.28
2819, 0.48
2820, 0.97
2821, 0.49
2822, 0.50
2823, 0.12
2824, 0.65
2825, 0.18
2826, 0.97
2827, 0.54
2828, 0.35
2829, 0.46
2830, 0.46
2831, 0.72
2832, 0.45
2833, 0.40
2834, 0.99
2835, 0.50
2836, 0.32
2837, 0.84
2838, 0.47
2839, 0.50
2840, 0.52
2841, 0.25
2842, 0.43
2843, 0.60
2844, 0.31
2845, 0.46
2846, 0.48
2847, 0.46
2848, 0.51
2849, 0.81
2850, 0.49
2851, 0.59
2852, 0.15
2853, 0.63
2854, 0.51
2855, 0.58
2856, 0.19
2857, 0.87
2858, 0.45
2859, 0.53
2860, 0.48
2861, 0.42
2862, 0.43
2863, 0.57
2864, 0.62
2865, 0.58
2866, 0.39
2867, 0.36
2868, 0.55
2869, 0.53
2870, 0.70
2871, 0.12
2872, 0.44
2873, 0.55
2874, 0.43
2875, 0.42
2876, 0.21
2877, 0.38
2878, 0.58
2879, 0.52
2880, 0.87
2881, 0.41
2882, 0.88
2883, 0.84
2884, 0.93
2885, 0.38
2886, 0.46
2887, 0.58
2888, 0.44
2889, 0.62
2890, 0.46
2891, 0.63
2892, 0.53
2893, 0.63
2894, 0.47
2895, 0.62
2896, 1.13
2897, 0.20
2898, 0.93
2899, 0.46
2900, 0.38
2901, 0.43
2902, 0.87
2903, 0.89
2904, 0.21
2905, 0.39
2906, 0.62
2907, 0.57
2908, 0.57
2909, 0.19
2910, 0.94
2911, 0.48
2912, 0.34
2913, 0.46
2914, 0.39
2915, 0.81
2916, 0.48
2917, 0.18
2918, 0.64
2919, 0.44
2920, 0.35
2921, 0.98
2922, 0.51
2923, 0.44
2924, 0.48
2925, 0.50
2926, 0.46
2927, 0.71
2928, 0.50
2929, 0.54
2930, 0.42
2931, 0.43
2932, 0.58
2933, 0.49
2934, 0.48
2935, 0.49
2936, 0.48
2937, 0.39
2938, 0.73
2939, 0.15
2940, 0.52
2941, 0.29
2942, 0.52
2943, 0.81
2944, 0.54
2945, 0.15
2946, 0.56
2947, 0.51
2948, 0.93
2949, 1.00
2950, 0.14
2951, 0.50
2952, 0.57
2953, 0.51
2954, 0.96
2955, 0.36
2956, 0.43
2957, 0.99
2958, 0.31
2959, 0.22
2960, 0.53
2961, 0.39
2962, 0.37
2963, 0.51
2964, 0.49
2965, 0.42
2966, 0.44
2967, 0.45
2968, 0.21
2969, 0.61
2970, 0.20
2971, 0.59
2972, 0.16
2973, 0.94
2974, 0.78
2975, 0.20
2976, 0.70
2977, 0.44
2978, 0.49
2979, 0.35
2980, 0.49
2981, 0.52
2982, 0.37
2983, 0.28
2984, 0.30
2985, 0.53
2986, 0.62
2987, 0.09
2988, 0.50
2989, 0.34
2990, 0.54
2991, 0.53
2992, 0.82
2993, 0.44
2994, 0.48
2995, 0.53
2996, 0.21
2997, 0.62
2998, 0.46
2999, 0.56
3000, 0.10
3001, 0.34
3002, 0.53
3003, 0.95
3004, 0.84
3005, 0.39
3006, 0.31
3007, 0.39
3008, 0.43
3009, 0.42
3010, 0.54
3011, 0.40
3012, 0.52
3013, 0.52
3014, 0.56
3015, 0.45
3016, 0.35
3017, 0.59
3018, 0.57
3019, 0.47
3020, 0.54
3021, 0.53
3022, 0.47
3023, 0.67
3024, 0.50
3025, 0.45
3026, 0.36
3027, 0.47
3028, 0.43
3029, 0.40
3030, 0.43
3031, 0.88
3032, 0.55
3033, 0.53
3034, 0.43
3035, 0.65
3036, 0.54
3037, 0.32
3038, 0.37
3039, 0.63
3040, 0.71
3041, 0.15
3042, 0.36
3043, 0.35
3044, 0.65
3045, 0.69
3046, 0.55
3047, 0.16
3048, 0.35
3049, 0.38
3050, 0.25
3051, 0.58
3052, 0.60
3053, 0.43
3054, -0.04
3055, 0.50
3056, 0.48
3057, 0.48
3058, 0.71
3059, 0.44
3060, 0.54
3061, 0.55
3062, 0.39
3063, 0.39
3064, 0.15
3065, 0.53
3066, 0.48
3067, 0.58
3068, 0.43
3069, 0.54
3070, 0.61
3071, 0.36
3072, 0.80
3073, 0.49
3074, 0.47
3075, 0.34
3076, 0.40
3077, 0.11
3078, 0.46
3079, 0.45
3080, 0.52
3081, 0.96
3082, 0.98
3083, 0.49
3084, 0.52
3085, 0.37
3086, 0.54
3087, 0.50
3088, 0.55
3089, 0.92
3090, 0.39
3091, 0.50
3092, 0.13
3093, 0.52
3094, 0.91
3095, 0.58
3096, 0.43
3097, 0.43
3098, 0.51
3099, 0.54
3100, 0.89
3101, 0.40
3102, 0.35
3103, 0.38
3104, 0.09
3105, 0.33
3106, 0.37
3107, 0.47
3108, 0.44
3109, 0.19
3110, 0.99
3111, 0.52
3112, 0.52
3113, 0.49
3114, 0.48
3115, 0.60
3116, 0.29
3117, 0.51
3118, 0.43
3119, 0.56
3120, 0.54
3121, 0.45
3122, 0.34
3123, 0.48
3124, 0.90
3125, 0.43
3126, 0.52
3127, 0.55
3128, 0.41
3129, 0.50
3130, 0.50
3131, 0.41
3132, 0.52
3133, 0.72
3134, 0.51
3135, 0.64
3136, 0.41
3137, 0.48
3138, 0.61
3139, 0.30
3140, 0.31
3141, 0.47
3142, 0.86
3143, 0.49
3144, 0.54
3145, 0.13
3146, 0.45
3147, 0.33
3148, 0.49
3149, 0.52
3150, 0.44
3151, 0.54
3152, 0.57
3153, 0.34
3154, 0.90
3155, 0.41
3156, 0.54
3157, 0.62
3158, 0.49
3159, 0.92
3160, 0.97
3161, 0.36
3162, 0.68
3163, 0.30
3164, 0.96
3165, 0.56
3166, 0.56
3167, 0.06
3168, 0.68
3169, 0.49
3170, 0.54
3171, 0.41
3172, 0.50
3173, 0.95
3174, 0.50
3175, 0.56
3176, 0.54
3177, 0.42
3178, 0.39
3179, 0.27
3180, 0.22
3181, 0.47
3182, 0.69
3183, 0.51
3184, 0.48
3185, 0.37
3186, 0.18
3187, 0.40
3188, 0.45
3189, 0.46
3190, 0.51
3191, 0.91
3192, 0.50
3193, 0.26
3194, 0.96
3195, 0.03
3196, 0.31
3197, 0.46
3198, 0.46
3199, 0.37
3200, 0.55
3201, 0.65
3202, 0.43
3203, 0.63
3204, 0.92
3205, 0.33
3206, 0.58
3207, 0.95
3208, 0.35
3209, 0.48
3210, 0.37
3211, 0.91
3212, 0.84
3213, 0.13
3214, 0.31
3215, 0.99
3216, 0.10
3217, 0.46
3218, 0.65
3219, 0.47
3220, 0.53
3221, 0.44
3222, 0.91
3223, 0.62
3224, 0.48
3225, 0.44
3226, 0.57
3227, 0.47
3228, 0.38
3229, 0.49
3230, 0.43
3231, 0.35
3232, 0.95
3233, 0.51
3234, 0.49
3235, 0.20
3236, 0.55
3237, 0.62
3238, 0.46
3239, 0.65
3240, 0.30
3241, 0.43
3242, 0.40
3243, 0.47
3244, 0.48
3245, 0.43
3246, 0.50
3247, 0.85
3248, 0.50
3249, 0.44
3250, 0.19
3251, 0.50
3252, 0.84
3253, 0.50
3254, 0.95
3255, 0.64
3256, 0.33
3257, 0.59
3258, 0.89
3259, 0.43
3260, 0.08
3261, 0.13
3262, 0.37
3263, 0.58
3264, 0.28
3265, 0.68
3266, 0.69
3267, 0.18
3268, 0.48
3269, 0.63
3270, 0.64
3271, 0.29
3272, 0.30
3273, 0.42
3274, 1.03
3275, 0.93
3276, 0.14
3277, 0.34
3278, 0.23
3279, 0.83
3280, 0.66
3281, 0.40
3282, 0.59
3283, 0.12
3284, 0.50
3285, 0.48
3286, 0.98
3287, 0.49
3288, 0.59
3289, 0.31
3290, 0.31
3291, 0.89
3292, 1.00
3293, 0.61
3294, 0.38
3295, 0.20
3296, 0.45
3297, 0.40
3298, 0.46
3299, 0.47
3300, 0.52
3301, 0.47
3302, 0.33
3303, 0.40
3304, 0.53
3305, 0.14
3306, 0.37
3307, 0.54
3308, 0.36
3309, 0.57
3310, 0.97
3311, 0.38
3312, 0.57
3313, 0.98
3314, 0.64
3315, 0.27
3316, 0.52
3317, 0.51
3318, 0.60
3319, 0.26
3320, 0.43
3321, 0.44
3322, 0.47
3323, 0.58
3324, 0.45
3325, 0.22
3326, 0.33
3327, 0.15
3328, 0.57
3329, 0.15
3330, 0.45
3331, 0.50
3332, 0.47
3333, 0.48
3334, 0.44
3335, 0.87
3336, 0.11
3337, 0.37
3338, 0.26
3339, 0.64
3340, 0.79
3341, 0.45
3342, 0.86
3343, 0.19
3344, 0.35
3345, 0.75
3346, 0.55
3347, 0.26
3348, 0.33
3349, 0.56
3350, 0.35
3351, 0.49
3352, 0.11
3353, 0.34
3354, 0.42
3355, 0.16
3356, 0.75
3357, 0.71
3358, 0.09
3359, 0.33
3360, 0.54
3361, 0.73
3362, 0.41
3363, 0.48
3364, 0.49
3365, 0.56
3366, 0.46
3367, 0.39
3368, 0.29
3369, 0.54
3370, 0.56
3371, 0.28
3372, 0.41
3373, 0.45
3374, 0.53
3375, 0.46
3376, 0.31
3377, 0.84
3378, 0.30
3379, 0.35
3380, 0.21
3381, 0.14
3382, 0.14
3383, 0.38
3384, 0.18
3385, 0.53
3386, 0.80
3387, 0.50
3388, 0.52
3389, 0.60
3390, 0.56
3391, 0.40
3392, 0.49
3393, 0.17
3394, 0.43
3395, 0.53
3396, 0.92
3397, 0.37
3398, 0.39
3399, 0.59
3400, 1.02
3401, 0.52
3402, 0.82
3403, 0.46
3404, 0.69
3405, 0.27
3406, 0.55
3407, 0.28
3408, 0.40
3409, 0.19
3410, 0.46
3411, 0.46
3412, 0.82
3413, 0.58
3414, 1.01
3415, 0.52
3416, 0.21
3417, 0.93
3418, 0.43
3419, 0.13
3420, 0.28
3421, 0.21
3422, 0.66
3423, 0.18
3424, 0.48
3425, 0.98
3426, 0.61
3427, 0.37
3428, 0.47
3429, 0.57
3430, 0.46
3431, 0.80
3432, 0.24
3433, 0.45
3434, 0.40
3435, 0.54
3436, 0.48
3437, 1.00
3438, 0.13
3439, 0.21
3440, 0.19
3441, 0.32
3442, 0.26
3443, 0.36
3444, 0.35
3445, 0.49
3446, 0.47
3447, 0.66
3448, 0.57
3449, 0.66
3450, 0.13
3451, 0.50
3452, 0.64
3453, 0.44
3454, 0.98
3455, 0.15
3456, 0.13
3457, 0.86
3458, 0.43
3459, 0.48
3460, 0.58
3461, 0.34
3462, 0.76
3463, 1.01
3464, 0.62
3465, 0.21
3466, 0.47
3467, 0.43
3468, 0.23
3469, 0.43
3470, 0.20
3471, 0.51
3472, 0.37
3473, 0.47
3474, 0.45
3475, 0.69
3476, 0.54
3477, 0.34
3478, 0.53
3479, 0.61
3480, 0.57
3481, 0.26
3482, 0.42
3483, 0.55
3484, 0.28
3485, 0.93
3486, 0.63
3487, 0.52
3488, 0.48
3489, 0.60
3490, 0.90
3491, 0.46
3492, 0.93
3493, 0.44
3494, 0.41
3495, 0.55
3496, 0.21
3497, 0.45
3498, 0.56
3499, 0.42
3500, 0.17
3501, 0.49
3502, 0.44
3503, 0.34
3504, 0.21
3505, 0.65
3506, 0.18
3507, 0.47
3508, 0.48
3509, 0.57
3510, 0.52
3511, 0.64
3512, 0.38
3513, 0.50
3514, 0.65
3515, 0.29
3516, 0.88
3517, 0.44
3518, 0.18
3519, 0.44
3520, 0.52
3521, 0.65
3522, 0.02
3523, 0.47
3524, 0.51
3525, 0.94
3526, 0.48
3527, 0.49
3528, 0.88
3529, 0.39
3530, 0.56
3531, 0.37
3532, 0.50
3533, 0.62
3534, 0.39
3535, 0.57
3536, 0.39
3537, 0.63
3538, 0.45
3539, 0.48
3540, 0.49
3541, 0.89
3542, 0.25
3543, 0.53
3544, 0.21
3545, 0.36
3546, 0.46
3547, 0.51
3548, 0.40
3549, 0.46
3550, 0.36
3551, 0.46
3552, 0.50
3553, 0.53
3554, 0.96
3555, 0.27
3556, 0.46
3557, 0.22
3558, 0.45
3559, 0.56
3560, 0.25
3561, 0.89
3562, 0.42
3563, 0.12
3564, 0.07
3565, 0.17
3566, 0.58
3567, 0.49
3568, 0.02
3569, 0.92
3570, 0.42
3571, 0.64
3572, 0.10
3573, 0.65
3574, 0.91
3575, 0.36
3576, 0.23
3577, 0.36
3578, 0.43
3579, 0.28
3580, 0.33
3581, 0.62
3582, 0.43
3583, 0.54
3584, 0.54
3585, 0.48
3586, 0.90
3587, 0.22
3588, 0.57
3589, 0.54
3590, 0.35
3591, 0.49
3592, 0.55
3593, 0.32
3594, 0.09
3595, 0.88
3596, 0.21
3597, 0.19
3598, 0.46
3599, 0.54
3600, 0.13
3601, 0.38
3602, 0.11
3603, 0.96
3604, 0.44
3605, 0.37
3606, 0.51
3607, 0.23
3608, 0.45
3609, 0.55
3610, 0.51
3611, 0.66
3612, 0.57
3613, 0.18
3614, 0.71
3615, 0.19
3616, 0.91
3617, 0.58
3618, 0.50
3619, 0.26
3620, 0.33
3621, 0.16
3622, 0.34
3623, 0.96
3624, 0.54
3625, 0.93
3626, 0.39
3627, 0.37
3628, 0.39
3629, 0.29
3630, 0.54
3631, 0.84
3632, 0.51
3633, 0.15
3634, 0.50
3635, 0.48
3636, 0.57
3637, 0.42
3638, 0.53
3639, 0.23
3640, 0.44
3641, 0.65
3642, 0.53
3643, 0.95
3644, 0.83
3645, 0.39
3646, 0.96
3647, 0.57
3648, 0.46
3649, 0.47
3650, 0.29
3651, 0.32
3652, 0.44
3653, 1.12
3654, 0.51
3655, 0.95
3656, 0.23
3657, 0.12
3658, 0.49
3659, 0.59
3660, 1.12
3661, 0.89
3662, 0.32
3663, 0.62
3664, 0.44
3665, 0.47
3666, 0.54
3667, 0.53
3668, 0.48
3669, 0.46
3670, 0.24
3671, 0.47
3672, 0.44
3673, 0.53
3674, 0.51
3675, 0.64
3676, 0.23
3677, 0.51
3678, 0.63
3679, 0.56
3680, 0.60
3681, 0.71
3682, 0.09
3683, 0.23
3684, 0.55
3685, 0.61
3686, 0.43
3687, 0.37
3688, 0.44
3689, 0.44
3690, 0.29
3691, 0.15
3692, 0.45
3693, 0.42
3694, 0.91
3695, 0.56
3696, 0.51
3697, 0.60
3698, 0.47
3699, 0.38
3700, 0.88
3701, 0.61
3702, 0.50
3703, 0.42
3704, 0.42
3705, 0.92
3706, 0.43
3707, 0.48
3708, 0.47
3709, 0.34
3710, 0.13
3711, 0.57
3712, 0.41
3713, 0.47
3714, 0.48
3715, 0.50
3716, 0.49
3717, 0.93
3718, 0.12
3719, 0.44
3720, 0.35
3721, 0.89
3722, 0.57
3723, 0.50
3724, 0.72
3725, 0.14
3726, 0.23
3727, 0.99
3728, 0.52
3729, 0.49
3730, 0.49
3731, 0.44
3732, 0.63
3733, 0.43
3734, 0.48
3735, 0.43
3736, 0.51
3737, 0.55
3738, 0.45
3739, 0.52
3740, 0.68
3741, 0.41
3742, 0.35
3743, 0.40
3744, 0.44
3745, 0.87
3746, 0.55
3747, 1.03
3748, 0.30
3749, 0.55
3750, 0.85
3751, 0.44
3752, 0.71
3753, 0.63
3754, 0.88
3755, 0.56
3756, 0.33
3757, 0.55
3758, 0.93
3759, 0.27
3760, 0.12
3761, 0.22
3762, 0.49
3763, 0.81
3764, 0.14
3765, 0.56
3766, 0.35
3767, 0.31
3768, 0.39
3769, 1.00
3770, 0.40
3771, 0.34
3772, 0.48
3773, 0.51
3774, 0.51
3775, 0.48
3776, 0.47
3777, 0.49
3778, 0.27
3779, 0.57
3780, 0.51
3781, 0.40
3782, 0.74
3783, 0.56
3784, 0.48
3785, 0.57
3786, 0.65
3787, 0.65
3788, 0.48
3789, 0.33
3790, 0.41
3791, 0.44
3792, 0.47
3793, 0.60
3794, 0.45
3795, 0.55
3796, 0.53
3797, 0.57
3798, 0.98
3799, 0.32
3800, 0.93
3801, 0.62
3802, 0.48
3803, 0.91
3804, 0.59
3805, 0.43
3806, 0.16
3807, 0.53
3808, 0.56
3809, 0.70
3810, 0.09
3811, 0.29
3812, 0.24
3813, 0.39
3814, 0.39
3815, 0.93
3816, 0.18
3817, 0.26
3818, 0.14
3819, 0.43
3820, 0.45
3821, 0.47
3822, 0.40
3823, 0.56
3824, 0.43
3825, 0.19
3826, 0.47
3827, 0.40
3828, 0.97
3829, 0.36
3830, 0.43
3831, 0.43
3832, 0.16
3833, 0.59
3834, 0.93
3835, 0.17
3836, 0.96
3837, 0.56
3838, 0.28
3839, 0.48
3840, 0.18
3841, 0.32
3842, 0.52
3843, 0.83
3844, 0.19
3845, 0.28
3846, 0.44
3847, 0.58
3848, 0.42
3849, 0.58
3850, 0.58
3851, 0.50
3852, 0.48
3853, 0.38
3854, 0.44
3855, 0.82
3856, 0.59
3857, 0.93
3858, 0.64
3859, 0.58
3860, 0.51
3861, 0.93
3862, 0.12
3863, 0.56
3864, 0.20
3865, 0.50
3866, 0.45
3867, 0.71
3868, 0.19
3869, 0.46
3870, 0.43
3871, 0.41
3872, 0.50
3873, 0.92
3874, 0.49
3875, 0.96
3876, 0.44
3877, 0.42
3878, 0.49
3879, 0.35
3880, 0.64
3881, 0.43
3882, 0.49
3883, 0.44
3884, 0.48
3885, 0.36
3886, 0.10
3887, 0.27
3888, 0.47
3889, 0.49
3890, 0.41
3891, 0.50
3892, 0.22
3893, 0.31
3894, 0.37
3895, 0.46
3896, 0.43
3897, 0.41
3898, 0.62
3899, 0.43
3900, 0.45
3901, 0.59
3902, 0.52
3903, 0.46
3904, 0.73
3905, 0.55
3906, 0.44
3907, 0.65
3908, 0.91
3909, 0.50
3910, 0.47
3911, 0.36
3912, 0.43
3913, 0.46
3914, 0.35
3915, 0.54
3916, 0.15
3917, 0.42
3918, 0.52
3919, 0.48
3920, 0.49
3921, 0.46
3922, 0.54
3923, 0.32
3924, 0.84
3925, 0.45
3926, 0.28
3927, 0.44
3928, 0.95
3929, 0.86
3930, 0.34
3931, 0.48
3932, 0.67
3933, 0.43
3934, 0.48
3935, 0.56
3936, 0.57
3937, 0.16
3938, 0.43
3939, 0.51
3940, 0.60
3941, 0.50
3942, 0.27
3943, 0.41
3944, 0.96
3945, 0.48
3946, 0.43
3947, 0.30
3948, 0.13
3949, 0.73
3950, 0.53
3951, 0.43
3952, 0.99
3953, 0.34
3954, 0.57
3955, 0.22
3956, 0.24
3957, 0.39
3958, 0.44
3959, 0.88
3960, 0.23
3961, 0.58
3962, 0.39
3963, 0.59
3964, 0.47
3965, 0.79
3966, 0.47
3967, 0.49
3968, 0.52
3969, 0.51
3970, 0.46
3971, 0.42
3972, 0.64
3973, 0.31
3974, 0.37
3975, 0.38
3976, 0.50
3977, 0.78
3978, 0.98
3979, 0.39
3980, 0.28
3981, 0.50
3982, 0.44
3983, 0.97
3984, 0.53
3985, 0.63
3986, 0.35
3987, 0.15
3988, 0.94
3989, 0.45
3990, 0.41
3991, 0.46
3992, 0.49
3993, 0.45
3994, 0.49
3995, 0.26
3996, 0.12
3997, 0.53
3998, 0.52
3999, 0.40
4000, 0.46
4001, 0.40
4002, 0.40
4003, 0.98
4004, 0.58
4005, 0.58
4006, 0.19
4007, 0.59
4008, 0.59
4009, 0.75
4010, 0.31
4011, 0.91
4012, 0.46
4013, 0.52
4014, 0.30
4015, 0.63
4016, 0.19
4017, 0.19
4018, 0.55
4019, 0.54
4020, 0.51
4021, 0.56
4022, 0.84
4023, 0.60
4024, 0.30
4025, 0.79
4026, 0.48
4027, 0.51
4028, 0.61
4029, 0.98
4030, 0.54
4031, 0.16
4032, 0.42
4033, 0.41
4034, 0.43
4035, 0.46
4036, 0.74
4037, 0.37
4038, 0.66
4039, 0.89
4040, 0.64
4041, 0.53
4042, 0.49
4043, 0.73
4044, 0.46
4045, 0.34
4046, 0.70
4047, 0.24
4048, 0.52
4049, 0.45
4050, 0.62
4051, 0.40
4052, 0.32
4053, 0.49
4054, 0.39
4055, 0.58
4056, 0.56
4057, 0.64
4058, 0.98
4059, 0.44
4060, 0.44
4061, 0.18
4062, 0.43
4063, 0.30
4064, 0.33
4065, 0.49
4066, 0.97
4067, 0.32
4068, 0.98
4069, 0.73
4070, 0.20
4071, 0.93
4072, 0.46
4073, 0.87
4074, 0.53
4075, 0.56
4076, 0.38
4077, 0.39
4078, 0.96
4079, 0.47
4080, 0.45
4081, 0.62
4082, 0.69
4083, 0.58
4084, 0.61
4085, 0.60
4086, 0.42
4087, 0.88
4088, 0.32
4089, 0.54
4090, 0.84
4091, 0.94
4092, 0.93
4093, 0.49
4094, 0.52
4095, 0.42
4096, 0.57
4097, 0.42
4098, 0.13
4099, 0.33
4100, 0.20
4101, 0.19
4102, 0.56
4103, 0.52
4104, 0.20
4105, 0.38
4106, 0.78
4107, 0.47
4108, 0.96
4109, 0.14
4110, 0.93
4111, 0.87
4112, 0.97
4113, 0.51
4114, 0.31
4115, 0.51
4116, 0.41
4117, 0.53
4118, 0.46
4119, 0.40
4120, 0.68
4121, 0.39
4122, 0.36
4123, 0.23
4124, 0.54
4125, 0.42
4126, 0.39
4127, 0.26
4128, 0.55
4129, 0.69
4130, 0.67
4131, 0.52
4132, 0.63
4133, 0.92
4134, 0.51
4135, 0.47
4136, 0.54
4137, 0.60
4138, 0.66
4139, 0.51
4140, 0.41
4141, 0.93
4142, 0.12
4143, 0.47
4144, 0.19
4145, 0.47
4146, 0.88
4147, 0.45
4148, 0.28
4149, 0.17
4150, 0.52
4151, 0.65
4152, 0.45
4153, 0.55
4154, 0.60
4155, 0.93
4156, 0.30
4157, 0.72
4158, 0.55
4159, 0.49
4160, 0.30
4161, 0.25
4162, 0.16
4163, 0.41
4164, 0.41
4165, 0.96
4166, 0.66
4167, 0.40
4168, 0.51
4169, 0.51
4170, 0.51
4171, 0.44
4172, 0.56
4173, 0.46
4174, 0.13
4175, -0.02
4176, 0.97
4177, 0.84
4178, 0.53
4179, 0.94
4180, 0.48
4181, 0.34
4182, 0.45
4183, 0.53
4184, 0.53
4185, 0.46
4186, 0.55
4187, 0.45
4188, 0.85
4189, 0.53
4190, 0.34
4191, 0.68
4192, 0.36
4193, 0.87
4194, 0.52
4195, 0.33
4196, 0.51
4197, 0.46
4198, 0.46
4199, 0.44
4200, 0.51
4201, 0.17
4202, 0.54
4203, 0.38
4204, 0.36
4205, 0.14
4206, 0.52
4207, 0.26
4208, 0.64
4209, 0.20
4210, 0.43
4211, 0.46
4212, 0.36
4213, 0.91
4214, 0.26
4215, 0.43
4216, 0.95
4217, 0.26
4218, 0.59
4219, 0.95
4220, 0.42
4221, 0.57
4222, 0.36
4223, 0.19
4224, 0.41
4225, 0.49
4226, 0.16
4227, 0.48
4228, 0.52
4229, 0.39
4230, 0.46
4231, 0.53
4232, 0.86
4233, 0.53
4234, 0.45
4235, 0.44
4236, 0.48
4237, 0.58
4238, 0.38
4239, 0.94
4240, 0.54
4241, 0.57
4242, 0.94
4243, 0.50
4244, 0.49
4245, 0.36
4246, 0.10
4247, 0.93
4248, 0.59
4249, 0.49
4250, 0.14
4251, 0.57
4252, 0.98
4253, 0.36
4254, 0.45
4255, 0.70
4256, 0.59
4257, 0.23
4258, 0.39
4259, 0.46
4260, 0.94
4261, 0.73
4262, 0.44
4263, 0.39
4264, 0.41
4265, 0.39
4266, 0.90
4267, 0.36
4268, 0.98
4269, 0.54
4270, 0.53
4271, 0.09
4272, 0.21
4273, 0.49
4274, 0.31
4275, 0.53
4276, 0.62
4277, 0.05
4278, 0.45
4279, 0.43
4280, 0.55
4281, 0.45
4282, 0.73
4283, 0.43
4284, 0.44
4285, 1.00
4286, 0.50
4287, 0.32
4288, 0.60
4289, 0.59
4290, 0.29
4291, 0.41
4292, 0.54
4293, 0.45
4294, 0.70
4295, 0.68
4296, 0.58
4297, 0.44
4298, 0.16
4299, 0.45
4300, 0.41
4301, 0.48
4302, 0.47
4303, 0.71
4304, 0.52
4305, 1.01
4306, 0.70
4307, 0.46
4308, 0.28
4309, 0.43
4310, 0.58
4311, 0.41
4312, 0.44
4313, 0.46
4314, 0.33
4315, 0.55
4316, 0.39
4317, 0.15
4318, 0.52
4319, 0.16
4320, 0.42
4321, 0.92
4322, 0.59
4323, 0.92
4324, 0.61
4325, 0.54
4326, 0.44
4327, 0.37
4328, 0.51
4329, 0.62
4330, 0.44
4331, 0.08
4332, 0.67
4333, 0.95
4334, 0.50
4335, 0.81
4336, 0.53
4337, 0.12
4338, 0.60
4339, 0.95
4340, 0.84
4341, 0.61
4342, 0.55
4343, 0.24
4344, 0.36
4345, 0.42
4346, 0.33
4347, 0.35
4348, 0.30
4349, 0.50
4350, 0.48
4351, 0.49
4352, 0.01
4353, 0.93
4354, 0.36
4355, 0.33
4356, 0.28
4357, 0.52
4358, 0.68
4359, 0.53
4360, 0.34
4361, 0.52
4362, 0.56
4363, 0.93
4364, 0.38
4365, 0.83
4366, 0.44
4367, 0.90
4368, 0.95
4369, 0.60
4370, 0.36
4371, 0.35
4372, 0.55
4373, 0.27
4374, 0.46
4375, 0.28
4376, 0.43
4377, 0.45
4378, 0.25
4379, 0.50
4380, 0.53
4381, 0.53
4382, 0.44
4383, 0.34
4384, 0.39
4385, 0.47
4386, 0.60
4387, 0.66
4388, 0.97
4389, 0.92
4390, 0.13
4391, 0.36
4392, 0.53
4393, 0.09
4394, 0.46
4395, 0.50
4396, 0.60
4397, 0.48
4398, 0.26
4399, 0.19
4400, 0.92
4401, 0.32
4402, 0.47
4403, 0.50
4404, 0.47
4405, 0.44
4406, 0.40
4407, 0.04
4408, 0.95
4409, 0.16
4410, 0.69
4411, 0.58
4412, 0.51
4413, 0.83
4414, 0.32
4415, 0.16
4416, 0.58
4417, 0.57
4418, 0.12
4419, 0.48
4420, 0.43
4421, 0.13
4422, 0.43
4423, 0.45
4424, 0.99
4425, 0.55
4426, 0.37
4427, 0.27
4428, 0.20
4429, 0.69
4430, 0.39
4431, 0.37
4432, 0.51
4433, 0.56
4434, 0.49
4435, 0.44
4436, 0.51
4437, 0.50
4438, 0.46
4439, 1.05
4440, 0.90
4441, 0.47
4442, 0.48
4443, 0.47
4444, 0.01
4445, 0.40
4446, 0.49
4447, 0.92
4448, 0.58
4449, 0.43
4450, 0.46
4451, 0.40
4452, 0.43
4453, 0.58
4454, 0.35
4455, 0.29
4456, 0.31
4457, 0.42
4458, 0.99
4459, 0.50
4460, 0.42
4461, 0.43
4462, 0.17
4463, 0.22
4464, 0.20
4465, 0.48
4466, 0.42
4467, 0.35
4468, 0.44
4469, 0.64
4470, 0.82
4471, 0.11
4472, 0.36
4473, 0.45
4474, 0.29
4475, 0.69
4476, 0.95
4477, 0.36
4478, 0.97
4479, 0.45
4480, 0.59
4481, 0.63
4482, 0.41
4483, 0.52
4484, 0.42
4485, 0.32
4486, 0.41
4487, 0.57
4488, 0.55
4489, 0.50
4490, 0.21
4491, 0.60
4492, 0.47
4493, 0.58
4494, 0.31
4495, 0.96
4496, 0.58
4497, 0.43
4498, 1.00
4499, 0.28
4500, 0.17
4501, 0.89
4502, 0.91
4503, 0.46
4504, 0.52
4505, 0.62
4506, 0.55
4507, 0.30
4508, 0.56
4509, 0.43
4510, 0.46
4511, 0.48
4512, 0.52
4513, 0.48
4514, 0.50
4515, 0.41
4516, 0.46
4517, 0.78
4518, 0.56
4519, 0.49
4520, 0.45
4521, 0.16
4522, 0.50
4523, 0.96
4524, 0.37
4525, 0.19
4526, 0.12
4527, 0.96
4528, 0.47
4529, 0.58
4530, 0.33
4531, 0.61
4532, 0.54
4533, 0.41
4534, 0.91
4535, 0.63
4536, 0.45
4537, 1.00
4538, 0.60
4539, 0.17
4540, 0.45
4541, 0.61
4542, 0.17
4543, 0.22
4544, 0.36
4545, 0.94
4546, 0.41
4547, 0.42
4548, 0.51
4549, 0.39
4550, 0.44
4551, 0.31
4552, 0.40
4553, 0.94
4554, 0.50
4555, 0.51
4556, 0.67
4557, 0.49
4558, 0.36
4559, 0.62
4560, 0.50
4561, 0.41
4562, 0.53
4563, 0.99
4564, 1.01
4565, 0.46
4566, 0.51
4567, 0.55
4568, 0.57
4569, 0.64
4570, 0.21
4571, 0.48
4572, 0.31
4573, 0.62
4574, 0.26
4575, 0.83
4576, 0.93
4577, 0.43
4578, 0.28
4579, 0.57
4580, 0.27
4581, 0.97
4582, 0.93
4583, 0.59
4584, 0.48
4585, 0.96
4586, 0.44
4587, 0.97
4588, 0.55
4589, 0.37
4590, 0.13
4591, 0.45
4592, 0.54
4593, 0.36
4594, 0.14
4595, 0.87
4596, 0.51
4597, 0.45
4598, 0.48
4599, 0.45
4600, 0.39
4601, 0.02
4602, 0.56
4603, 0.36
4604, 0.47
4605, 0.43
4606, 0.44
4607, 0.11
4608, 0.53
4609, 0.50
4610, 0.04
4611, 0.55
4612, 0.46
4613, 0.08
4614, 0.49
4615, 0.11
4616, 0.49
4617, 0.89
4618, 0.95
4619, 0.27
4620, 0.48
4621, 0.42
4622, 0.82
4623, 0.93
4624, 0.48
4625, 0.63
4626, 0.86
4627, 0.04
4628, 0.23
4629, 0.85
4630, 0.55
4631, 0.41
4632, 0.49
4633, 0.49
4634, 0.66
4635, 0.41
4636, 0.90
4637, 0.40
4638, 0.40
4639, 0.96
4640, 1.00
4641, 0.44
4642, 0.20
4643, 0.80
4644, 0.49
4645, 0.18
4646, 0.45
4647, 0.50
4648, 0.55
4649, 0.82
4650, 0.23
4651, 0.64
4652, 0.43
4653, 0.46
4654, 0.42
4655, 0.46
4656, 0.78
4657, 0.49
4658, 0.42
4659, 0.17
4660, 0.50
4661, 0.49
4662, 0.64
4663, 0.18
4664, 0.85
4665, 0.46
4666, 0.54
4667, 0.90
4668, 0.45
4669, 0.86
4670, 0.50
4671, 0.44
4672, 0.85
4673, 0.17
4674, 0.89
4675, 0.30
4676, 0.26
4677, 0.44
4678, 0.16
4679, 0.18
4680, 0.32
4681, 0.46
4682, 0.97
4683, 0.92
4684, 0.93
4685, 0.47
4686, 0.27
4687, 0.30
4688, 0.27
4689, 0.59
4690, 0.92
4691, 0.38
4692, 0.55
4693, 0.71
4694, 0.36
4695, 0.52
4696, 0.14
4697, 0.40
4698, 0.22
4699, 0.53
4700, 0.69
4701, 0.80
4702, 0.55
4703, 0.56
4704, 0.28
4705, 0.65
4706, 0.44
4707, 0.47
4708, 0.96
4709, 0.86
4710, 0.44
4711, 0.67
4712, 0.14
4713, 0.61
4714, 0.46
4715, 0.35
4716, 0.66
4717, 0.37
4718, 0.95
4719, 0.92
4720, 0.40
4721, 0.62
4722, 0.43
4723, 0.57
4724, 0.41
4725, 0.19
4726, 0.35
4727, 0.49
4728, 0.68
4729, 0.34
4730, 0.52
4731, 0.59
4732, 0.43
4733, 0.45
4734, 0.52
4735, 0.54
4736, 0.32
4737, 0.52
4738, 0.65
4739, 0.59
4740, 0.23
4741, 0.52
4742, 0.54
4743, 0.67
4744, 0.64
4745, 0.44
4746, 0.60
4747, 0.66
4748, 0.46
4749, 0.97
4750, 0.47
4751, 0.46
4752, 0.32
4753, 0.40
4754, 0.60
4755, 0.81
4756, 0.47
4757, 0.57
4758, 0.92
4759, 0.42
4760, 0.73
4761, 0.44
4762, 1.00
4763, 0.27
4764, 0.16
4765, 0.36
4766, 0.31
4767, 0.49
4768, 0.55
4769, 0.51
4770, 0.48
4771, 1.03
4772, 0.39
4773, 0.57
4774, 0.60
4775, 0.39
4776, 0.53
4777, 0.38
4778, 0.75
4779, 0.50
4780, 0.57
4781, 0.89
4782, 0.45
4783, 0.92
4784, 0.70
4785, 1.02
4786, 0.42
4787, 0.90
4788, 0.31
4789, 0.50
4790, 0.52
4791, 0.60
4792, 0.53
4793, 0.27
4794, 0.20
4795, 0.85
4796, 0.69
4797, 0.62
4798, 0.37
4799, 0.49
4800, 0.43
4801, 0.29
4802, 0.18
4803, 0.33
4804, 0.55
4805, 0.45
4806, 0.57
4807, 0.35
4808, 0.58
4809, 0.36
4810, 0.52
4811, 0.42
4812, 0.37
4813, 0.39
4814, 0.20
4815, 0.51
4816, 0.34
4817, 0.40
4818, 0.47
4819, 0.38
4820, 0.95
4821, 0.49
4822, 0.23
4823, 0.27
4824, 0.50
4825, 0.15
4826, 0.52
4827, 0.46
4828, 0.40
4829, 0.93
4830, 0.48
4831, 0.39
4832, 0.30
4833, 0.96
4834, 0.39
4835, 0.45
4836, 0.94
4837, 0.12
4838, 0.32
4839, 0.18
4840, 0.39
4841, 0.54
4842, 0.15
4843, 0.52
4844, 0.59
4845, 0.49
4846, 0.90
4847, 0.41
4848, 0.97
4849, 0.45
4850, 0.69
4851, 0.09
4852, 0.58
4853, 0.46
4854, 0.23
4855, 0.32
4856, 0.13
4857, 0.68
4858, 0.53
4859, 0.34
4860, 0.72
4861, 0.24
4862, 0.57
4863, 0.48
4864, 0.80
4865, 0.19
4866, 0.86
4867, 0.47
4868, 0.15
4869, 0.53
4870, 0.50
4871, 0.97
4872, 0.51
4873, 0.59
4874, 0.40
4875, 0.44
4876, 0.47
4877, 0.88
4878, 0.51
4879, 0.37
4880, 0.62
4881, 0.45
4882, 0.85
4883, 0.98
4884, 0.40
4885, 0.39
4886, 0.47
4887, 0.49
4888, 0.39
4889, 0.58
4890, 0.44
4891, 0.64
4892, 0.25
4893, 0.16
4894, 0.11
4895, 0.55
4896, 0.45
4897, 0.54
4898, 0.43
4899, 0.53
4900, 0.75
4901, 0.40
4902, 0.49
4903, 0.50
4904, 0.47
4905, 0.45
4906, 0.95
4907, 0.88
4908, 0.25
4909, 0.49
4910, 0.45
4911, 0.59
4912, 1.01
4913, 0.43
4914, 0.46
4915, 1.01
4916, 0.97
4917, 0.46
4918, 0.58
4919, 0.38
4920, 0.40
4921, 0.33
4922, 0.21
4923, 0.97
4924, 0.44
4925, 0.53
4926, 0.23
4927, 0.59
4928, 0.49
4929, 0.88
4930, 0.80
4931, 0.56
4932, 0.35
4933, 0.29
4934, 0.31
4935, 0.43
4936, 0.46
4937, 0.70
4938, 0.54
4939, 0.55
4940, 0.66
4941, 0.54
4942, 0.43
4943, 0.49
4944, 0.95
4945, 0.31
4946, 0.52
4947, 0.50
4948, 0.33
4949, 0.66
4950, 0.61
4951, 0.45
4952, 0.56
4953, 0.48
4954, 0.32
4955, 0.47
4956, 0.49
4957, 0.45
4958, 0.37
4959, 0.32
4960, 0.44
4961, 0.86
4962, 0.22
4963, 0.35
4964, 0.52
4965, 0.53
4966, 0.49
4967, 0.43
4968, 0.49
4969, 0.85
4970, 0.24
4971, 0.48
4972, 0.33
4973, 0.38
4974, 0.61
4975, 0.47
4976, 0.33
4977, 0.50
4978, 0.34
4979, 0.37
4980, 0.58
4981, 0.28
4982, 0.35
4983, 0.77
4984, 0.45
4985, 0.56
4986, 0.38
4987, 0.50
4988, 1.05
4989, 0.53
4990, 0.10
4991, 0.60
4992, 0.22
4993, 0.55
4994, 0.49
4995, 0.51
4996, 0.32
4997, 0.18
4998, 0.31
4999, 0.63
5000, 0.98
5001, 0.23
5002, 0.57
5003, 0.52
5004, 0.23
5005, 0.17
5006, 0.56
5007, 0.41
5008, 0.54
5009, 0.51
5010, 0.55
5011, 0.16
5012, 0.38
5013, 0.49
5014, 0.94
5015, 0.19
5016, 0.41
5017, 0.53
5018, 0.79
5019, 0.57
5020, 0.57
5021, 0.10
5022, 0.57
5023, 0.84
5024, 0.50
5025, 0.52
5026, 0.51
5027, 0.54
5028, 0.47
5029, 0.16
5030, 0.32
5031, 0.44
5032, 0.42
5033, 0.49
5034, 0.16
5035, 0.52
5036, 0.44
5037, 0.30
5038, 0.60
5039, 0.48
5040, 0.54
5041, 0.47
5042, 0.91
5043, 0.15
5044, 0.64
5045, 0.47
5046, 0.62
5047, 0.39
5048, 0.42
5049, 0.43
5050, 0.49
5051, 0.32
5052, 0.36
5053, 1.03
5054, 0.50
5055, 0.50
5056, 0.37
5057, 0.11
5058, 0.39
5059, 0.89
5060, 0.98
5061, 0.25
5062, 0.55
5063, 0.52
5064, 0.46
5065, 0.14
5066, 0.35
5067, 0.49
5068, 0.82
5069, 0.46
5070, 0.53
5071, 0.54
5072, 0.50
5073, 0.79
5074, 0.34
5075, 0.42
5076, 0.46
5077, 0.61
5078, 0.83
5079, 0.84
5080, 0.49
5081, 0.26
5082, 0.33
5083, 0.49
5084, 0.55
5085, 0.90
5086, 0.44
5087, 0.37
5088, 0.67
5089, 0.84
5090, 0.55
5091, 0.47
5092, 0.43
5093, 0.47
5094, 0.16
5095, 0.48
5096, 0.37
5097, 0.29
5098, 0.39
5099, 0.57
5100, 0.72
5101, 0.60
5102, 0.22
5103, 0.58
5104, 0.64
5105, 0.58
5106, 0.47
5107, 0.59
5108, 0.47
5109, 0.96
5110, 0.18
5111, 0.43
5112, 0.33
5113, 0.26
5114, 0.45
5115, 0.41
5116, 0.39
5117, 0.94
5118, 0.41
5119, 0.53
5120, 0.61
5121, 0.58
5122, 0.44
5123, 0.38
5124, 0.39
5125, 0.91
5126, 0.49
5127, 0.09
5128, 0.45
5129, 0.50
5130, 0.40
5131, 0.07
5132, 0.44
5133, 0.58
5134, 0.46
5135, 0.58
5136, 0.34
5137, 0.55
5138, 0.69
5139, 0.42
5140, 0.89
5141, 0.47
5142, 0.95
5143, 0.36
5144, 0.48
5145, 0.69
5146, 0.63
5147, 0.49
5148, 0.51
5149, 0.45
5150, 0.49
5151, 0.47
5152, 0.14
5153, 0.59
5154, 0.29
5155, 0.35
5156, 0.06
5157, 0.54
5158, 0.50
5159, 0.56
5160, 0.29
5161, 0.51
5162, 0.40
5163, 0.42
5164, 0.63
5165, 0.37
5166, 0.62
5167, 0.46
5168, 0.38
5169, 0.51
5170, 0.61
5171, 0.48
5172, 0.31
5173, 0.43
5174, 0.57
5175, 0.09
5176, 0.93
5177, 0.59
5178, 0.52
5179, 0.38
5180, 0.58
5181, 0.94
5182, 0.26
5183, 0.41
5184, 0.87
5185, 0.98
5186, 0.47
5187, 0.33
5188, 0.26
5189, 0.38
5190, 0.55
5191, 0.41
5192, 0.62
5193, 0.42
5194, 0.51
5195, 1.03
5196, 0.45
5197, 0.30
5198, 0.52
5199, 0.69
5200, 0.89
5201, 0.49
5202, 0.51
5203, 0.53
5204, 0.02
5205, 0.45
5206, 0.47
5207, 0.97
5208, 0.38
5209, 0.44
5210, 0.48
5211, 0.41
5212, 0.48
5213, 0.82
5214, 0.41
5215, 0.25
5216, 0.18
5217, 0.39
5218, 0.35
5219, 0.50
5220, 0.60
5221, 0.17
5222, 0.27
5223, 0.45
5224, 0.63
5225, 0.40
5226, 0.46
5227, 0.15
5228, 0.45
5229, 0.20
5230, 0.47
5231, 0.44
5232, 0.67
5233, 0.74
5234, 0.10
5235, 0.58
5236, 0.40
5237, 0.49
5238, 0.31
5239, 0.41
5240, 0.64
5241, 0.47
5242, 0.09
5243, 0.40
5244, 0.96
5245, 0.30
5246, 0.89
5247, 0.62
5248, 0.48
5249, 0.46
5250, 0.46
5251, 0.42
5252, 0.54
5253, 0.23
5254, 0.19
5255, 0.37
5256, 0.60
5257, 0.06
5258, 0.49
5259, 0.56
5260, 0.61
5261, 0.96
5262, 0.57
5263, 0.56
5264, 0.47
5265, 0.45
5266, 0.47
5267, 1.05
5268, 0.22
5269, 0.58
5270, 0.52
5271, 0.49
5272, 0.96
5273, 0.58
5274, 0.66
5275, 0.51
5276, 0.45
5277, 0.47
5278, 0.45
5279, 0.60
5280, 0.44
5281, 0.95
5282, 0.43
5283, 0.87
5284, 0.69
5285, 0.45
5286, 0.18
5287, 0.52
5288, 0.80
5289, 0.60
5290, 0.47
5291, 0.96
5292, 0.43
5293, 0.40
5294, 0.10
5295, 0.14
5296, 0.16
5297, 0.60
5298, 0.39
5299, 0.84
5300, 0.44
5301, 0.67
5302, 0.51
5303, 0.51
5304, 0.50
5305, 0.40
5306, 0.46
5307, 0.49
5308, 0.82
5309, 0.75
5310, 0.48
5311, 0.37
5312, 0.42
5313, 0.54
5314, 0.73
5315, 0.92
5316, 0.34
5317, 0.18
5318, 0.47
5319, 0.93
5320, 0.97
5321, 0.44
5322, 0.53
5323, 0.43
5324, 0.40
5325, 0.37
5326, 0.40
5327, 0.60
5328, 0.51
5329, 0.24
5330, 0.35
5331, 0.56
5332, 0.08
5333, 0.43
5334, 0.42
5335, 0.41
5336, 0.56
5337, 0.44
5338, 0.37
5339, 0.07
5340, 0.06
5341, 0.53
5342, 0.52
5343, 0.38
5344, 0.38
5345, 0.54
5346, 0.46
5347, 0.56
5348, 0.73
5349, 0.46
5350, 0.51
5351, 0.83
5352, 0.74
5353, 0.49
5354, 0.45
5355, 1.14
5356, 0.80
5357, 0.54
5358, 0.45
5359, 0.43
5360, 0.40
5361, 0.33
5362, 0.64
5363, 0.54
5364, 0.48
5365, 0.48
5366, 0.55
5367, 0.90
5368, 0.39
5369, 0.56
5370, 0.93
5371, 0.52
5372, 0.32
5373, 0.28
5374, 0.39
5375, 0.83
5376, 0.09
5377, 0.88
5378, 0.68
5379, 0.30
5380, 0.70
5381, 0.25
5382, 0.38
5383, 0.48
5384, 0.50
5385, 0.47
5386, 0.45
5387, 0.42
5388, 0.18
5389, 0.33
5390, 0.35
5391, 0.52
5392, 0.44
5393, 0.75
5394, 0.47
5395, 0.43
5396, 0.89
5397, 0.45
5398, 0.45
5399, 0.52
5400, 0.53
5401, 0.12
5402, 0.47
5403, 0.39
5404, 0.38
5405, 0.21
5406, 0.55
5407, 0.28
5408, 0.46
5409, 0.48
5410, 0.29
5411, 0.23
5412, 0.99
5413, 0.41
5414, 0.86
5415, 0.55
5416, 0.55
5417, 0.44
5418, 0.07
5419, 0.89
5420, 0.45
5421, 0.44
5422, 0.40
5423, 0.65
5424, 0.30
5425, 0.57
5426, 0.58
5427, 0.41
5428, 0.50
5429, 0.51
5430, 0.34
5431, 0.50
5432, 0.50
5433, 0.44
5434, 0.99
5435, 0.48
5436, 0.72
5437, 0.57
5438, 0.55
5439, 0.55
5440, 0.31
5441, 0.89
5442, 0.63
5443, 0.43
5444, 0.40
5445, 0.50
5446, 0.92
5447, 0.60
5448, 0.54
5449, 0.51
5450, 0.30
5451, 0.59
5452, 0.36
5453, 0.96
5454, 0.61
5455, 0.96
5456, 0.53
5457, 0.95
5458, 0.61
5459, 0.85
5460, 0.52
5461, 0.49
5462, 0.46
5463, 0.56
5464, 0.54
5465, 0.45
5466, 0.56
5467, 0.43
5468, 0.34
5469, 0.40
5470, 0.32
5471, 0.36
5472, 0.64
5473, 0.45
5474, 0.52
5475, 0.32
5476, 0.61
5477, 0.61
5478, 0.50
5479, 0.98
5480, 0.44
5481, 0.70
5482, 0.31
5483, 0.38
5484, 0.51
5485, 0.21
5486, 0.81
5487, 0.92
5488, 0.13
5489, 0.52
5490, 1.01
5491, 0.51
5492, 0.34
5493, 0.55
5494, 0.61
5495, 0.53
5496, 1.02
5497, 0.51
5498, 0.45
5499, 0.41
5500, 0.95
5501, 0.52
5502, 0.53
5503, 0.49
5504, 0.56
5505, 0.56
5506, 0.55
5507, 0.66
5508, 0.50
5509, 0.44
5510, 0.64
5511, 0.45
5512, 0.51
5513, 0.60
5514, 0.90
5515, 0.54
5516, 0.62
5517, 0.66
5518, 0.29
5519, 0.54
5520, 0.72
5521, 0.42
5522, 0.37
5523, 0.45
5524, 1.02
5525, 0.65
5526, 0.51
5527, 0.40
5528, 0.20
5529, 0.62
5530, 0.18
5531, 0.59
5532, 0.54
5533, 0.52
5534, 0.36
5535, 0.49
5536, 0.42
5537, 0.75
5538, 0.97
5539, 0.49
5540, 0.15
5541, 0.09
5542, 1.03
5543, 0.49
5544, 0.97
5545, 0.03
5546, 0.57
5547, 0.39
5548, 0.38
5549, 0.28
5550, 0.21
5551, 0.46
5552, 0.50
5553, 0.38
5554, 0.82
5555, 0.52
5556, 0.47
5557, 0.45
5558, 0.60
5559, 0.50
5560, 0.44
5561, 0.23
5562, 0.67
5563, 0.48
5564, 0.45
5565, 0.32
5566, 0.16
5567, 0.17
5568, 0.45
5569, 0.48
5570, 0.31
5571, 0.48
5572, 0.93
5573, 0.95
5574, 0.44
5575, 0.52
5576, 0.20
5577, 0.25
5578, 0.63
5579, 0.22
5580, 0.50
5581, 0.39
5582, 0.45
5583, 0.56
5584, 0.44
5585, 0.61
5586, 0.50
5587, 0.08
5588, 0.56
5589, 0.61
5590, 0.54
5591, 0.57
5592, 0.40
5593, 0.43
5594, 0.93
5595, 0.60
5596, 0.30
5597, 0.32
5598, 0.65
5599, 0.98
5600, 0.71
5601, 0.53
5602, 0.59
5603, 0.53
5604, 0.45
5605, 0.73
5606, 0.20
5607, 0.51
5608, 0.10
5609, 0.28
5610, 0.33
5611, 0.66
5612, 0.63
5613, 0.16
5614, 0.51
5615, 0.15
5616, 0.27
5617, 0.35
5618, 0.41
5619, 0.51
5620, 0.40
5621, 0.98
5622, 0.22
5623, 0.44
5624, 0.60
5625, 0.42
5626, 0.35
5627, 0.53
5628, 0.41
5629, 0.45
5630, 0.45
5631, 0.46
5632, 0.50
5633, 1.00
5634, 0.45
5635, 0.82
5636, 0.16
5637, 0.16
5638, 0.56
5639, 0.42
5640, 0.53
5641, 0.44
5642, 0.62
5643, 0.55
5644, 0.91
5645, 0.22
5646, 0.34
5647, 0.09
5648, 0.36
5649, 0.40
5650, 0.62
5651, 0.46
5652, 0.60
5653, 0.18
5654, 0.18
5655, 0.48
5656, 0.42
5657, 0.44
5658, 0.98
5659, 0.34
5660, 0.81
5661, 0.28
5662, 0.83
5663, 0.41
5664, 0.64
5665, 0.49
5666, 0.63
5667, 0.60
5668, 0.29
5669, 0.40
5670, 0.46
5671, 0.55
5672, 0.65
5673, 0.20
5674, 0.36
5675, 0.96
5676, 0.48
5677, 0.47
5678, 0.48
5679, 0.53
5680, 0.13
5681, 0.26
5682, 0.44
5683, 0.51
5684, 0.98
5685, 0.61
5686, 0.40
5687, 0.92
5688, 0.91
5689, 0.39
5690, 0.13
5691, 0.49
5692, 0.50
5693, 0.49
5694, 0.47
5695, 0.17
5696, 0.15
5697, 0.62
5698, 0.45
5699, 0.42
5700, 0.18
5701, 0.98
5702, 0.40
5703, 0.93
5704, 0.85
5705, 0.95
5706, 0.60
5707, 0.18
5708, 0.40
5709, 0.16
5710, 0.86
5711, 0.33
5712, 0.66
5713, 0.26
5714, 0.50
5715, 0.56
5716, 0.58
5717, 0.47
5718, 0.48
5719, 0.10
5720, 0.59
5721, 0.54
5722, 0.41
5723, 0.43
5724, 0.40
5725, 0.50
5726, 0.53
5727, 0.15
5728, 0.48
5729, 0.19
5730, 0.49
5731, 0.51
5732, 0.45
5733, 0.86
5734, 0.59
5735, 0.46
5736, 1.00
5737, 0.50
5738, 0.52
5739, 0.87
5740, 0.18
5741, 0.54
5742, 0.31
5743, 0.52
5744, 0.13
5745, 0.57
5746, 0.45
5747, 0.62
5748, 0.43
5749, 0.83
5750, 0.57
5751, 0.84
5752, 0.51
5753, 0.31
5754, 0.53
5755, 0.54
5756, 0.85
5757, 0.52
5758, 0.55
5759, 0.39
5760, 0.28
5761, 0.55
5762, 0.48
5763, 0.68
5764, 0.26
5765, 0.60
5766, 0.44
5767, 0.45
5768, 0.42
5769, 0.93
5770, 0.48
5771, 0.37
5772, 0.47
5773, 0.59
5774, 0.60
5775, 0.48
5776, 0.44
5777, 0.57
5778, 0.22
5779, 0.45
5780, 0.58
5781, 0.44
5782, 0.44
5783, 0.48
5784, 0.37
5785, 0.50
5786, 0.91
5787, 0.53
5788, 0.72
5789, 0.18
5790, 0.89
5791, 0.16
5792, 0.43
5793, 0.52
5794, 0.18
5795, 0.35
5796, 0.16
5797, 0.28
5798, 0.60
5799, 0.47
5800, 0.16
5801, 0.17
5802, 0.68
5803, 0.26
5804, 0.69
5805, 0.97
5806, 0.52
5807, 0.49
5808, 0.04
5809, 0.40
5810, 0.64
5811, 0.32
5812, 0.42
5813, 0.57
5814, 0.52
5815, 0.16
5816, 0.54
5817, 0.32
5818, 0.78
5819, 0.59
5820, 0.51
5821, 0.62
5822, 0.24
5823, 0.44
5824, 0.90
5825, 0.64
5826, 0.85
5827, 0.52
5828, 0.42
5829, 0.55
5830, 0.31
5831, 0.57
5832, 0.65
5833, 0.70
5834, 0.54
5835, 0.18
5836, 0.11
5837, 0.71
5838, 0.54
5839, 0.76
5840, 0.19
5841, 0.40
5842, 0.64
5843, 0.86
5844, 0.55
5845, 0.95
5846, 0.97
5847, 0.31
5848, 0.54
5849, 0.36
5850, 0.37
5851, 0.40
5852, 0.48
5853, 0.46
5854, 0.18
5855, 0.55
5856, 0.53
5857, 0.64
5858, 0.36
5859, 0.35
5860, 0.50
5861, 0.04
5862, 0.52
5863, 0.84
5864, 0.99
5865, 0.62
5866, 0.50
5867, 0.94
5868, 0.35
5869, 0.35
5870, 0.21
5871, 0.51
5872, 0.53
5873, 0.66
5874, 0.50
5875, 0.43
5876, 0.22
5877, 0.86
5878, 0.53
5879, 0.44
5880, 0.60
5881, 0.31
5882, 0.09
5883, 0.81
5884, 0.85
5885, 0.40
5886, 0.48
5887, 0.46
5888, 0.53
5889, 0.47
5890, 0.48
5891, 0.35
5892, 0.43
5893, 0.41
5894, 0.62
5895, 0.40
5896, 0.62
5897, 0.57
5898, 0.59
5899, 0.31
5900, 0.49
5901, 0.41
5902, 0.49
5903, 0.55
5904, 0.30
5905, 0.59
5906, 0.51
5907, 0.50
5908, 0.37
5909, 0.27
5910, 1.02
5911, 0.13
5912, 0.30
5913, 0.87
5914, 0.42
5915, 0.22
5916, 0.32
5917, 0.50
5918, 0.22
5919, 0.59
5920, 0.44
5921, 0.56
5922, 0.50
5923, 0.87
5924, 0.21
5925, 0.41
5926, 0.58
5927, 0.20
5928, 0.55
5929, 0.48
5930, 0.54
5931, 0.38
5932, 0.50
5933, 0.95
5934, 0.32
5935, 0.21
5936, 0.18
5937, 0.81
5938, 0.53
5939, 0.27
5940, 0.19
5941, 0.92
5942, 0.49
5943, 0.31
5944, 0.48
5945, 0.97
5946, 0.43
5947, 0.48
5948, 0.46
5949, 0.65
5950, 0.18
5951, 0.55
5952, 0.44
5953, 0.14
5954, 0.70
5955, 0.42
5956, 0.47
5957, 0.27
5958, 0.33
5959, 0.44
5960, 0.39
5961, 0.65
5962, 0.48
5963, 0.50
5964, 0.92
5965, 0.48
5966, 0.58
5967, 0.50
5968, 0.54
5969, 0.52
5970, 0.55
5971, 0.48
5972, 0.83
5973, 0.34
5974, 0.44
5975, 0.38
5976, 0.12
5977, 0.16
5978, 0.57
5979, 0.46
5980, 0.56
5981, 0.51
5982, 0.53
5983, 0.56
5984, 0.39
5985, 0.61
5986, 0.57
5987, 0.39
5988, 0.77
5989, 0.46
5990, 1.02
5991, 1.01
5992, 0.61
5993, 0.57
5994, 0.51
5995, 0.95
5996, 0.42
5997, 0.50
5998, 0.35
5999, 0.55
6000, 0.90
6001, 0.46
6002, 0.97
6003, 0.73
6004, 0.36
6005, 0.58
6006, 0.18
6007, 0.36
6008, 0.55
6009, 0.64
6010, 0.48
6011, 0.35
6012, 0.40
6013, 0.58
6014, 0.49
6015, 0.55
6016, 0.49
6017, 0.62
6018, 0.59
6019, 0.54
6020, 0.48
6021, 0.41
6022, 0.15
6023, 0.55
6024, 0.52
6025, 0.44
6026, 0.30
6027, 0.93
6028, 0.55
6029, 0.40
6030, 0.59
6031, 0.40
6032, 0.91
6033, 0.49
6034, 0.48
6035, 0.47
6036, 1.01
6037, 0.49
6038, 0.55
6039, 0.40
6040, 0.53
6041, 0.15
6042, 0.44
6043, 0.69
6044, 0.50
6045, 0.25
6046, 0.70
6047, 0.88
6048, 0.64
6049, 0.22
6050, 0.90
6051, 0.45
6052, 0.54
6053, 0.58
6054, 0.52
6055, 0.72
6056, 0.37
6057, 0.55
6058, 0.99
6059, 0.50
6060, 0.53
6061, 0.57
6062, 0.48
6063, 0.33
6064, 0.55
6065, 0.40
6066, 0.53
6067, 0.47
6068, 0.56
6069, 0.46
6070, 0.50
6071, 0.99
6072, 0.41
6073, 0.82
6074, 0.26
6075, 0.40
6076, 0.35
6077, 0.46
6078, 0.62
6079, 0.22
6080, 0.30
6081, 0.51
6082, 0.52
6083, 0.55
6084, 0.50
6085, 0.36
6086, 0.34
6087, 0.34
6088, 0.53
6089, 0.47
6090, 0.39
6091, 0.56
6092, 0.33
6093, 0.65
6094, 0.46
6095, 0.19
6096, 0.59
6097, 0.55
6098, 0.45
6099, 0.54
6100, 0.61
6101, 0.42
6102, 0.33
6103, 0.95
6104, 0.17
6105, 0.35
6106, 0.60
6107, 0.42
6108, 0.36
6109, 0.40
6110, 0.58
6111, 0.55
6112, -0.01
6113, 0.50
6114, 0.58
6115, 0.57
6116, 0.49
6117, 0.62
6118, 0.53
6119, 0.51
6120, 0.30
6121, 0.88
6122, -0.06
6123, 0.17
6124, 0.42
6125, 0.55
6126, 0.49
6127, 0.47
6128, 0.48
6129, 0.35
6130, 0.41
6131, 0.96
6132, 0.38
6133, 0.64
6134, 0.33
6135, 0.47
6136, 0.54
6137, 0.53
6138, 0.44
6139, 0.85
6140, 0.58
6141, 0.78
6142, 0.86
6143, 0.43
6144, 0.44
6145, 0.67
6146, 0.54
6147, 0.39
6148, 0.63
6149, 0.33
6150, 0.63
6151, 0.51
6152, 0.38
6153, 0.62
6154, 0.96
6155, 0.19
6156, 0.18
6157, 0.58
6158, 0.39
6159, 0.20
6160, 0.47
6161, 0.09
6162, 0.64
6163, 0.47
6164, 0.45
6165, 0.59
6166, 0.46
6167, 0.39
6168, 0.46
6169, 0.39
6170, 0.53
6171, 0.95
6172, 0.42
6173, 0.62
6174, 0.44
6175, 0.56
6176, 0.50
6177, 0.45
6178, 0.21
6179, 0.62
6180, 0.57
6181, 0.26
6182, 0.98
6183, 0.55
6184, 0.47
6185, 0.65
6186, 0.57
6187, 0.57
6188, 0.46
6189, 0.93
6190, 0.75
6191, 0.47
6192, 0.53
6193, 0.93
6194, 0.12
6195, 0.50
6196, 0.56
6197, 0.95
6198, 0.32
6199, 0.66
6200, 0.59
6201, 0.81
6202, 0.41
6203, 0.19
6204, 0.92
6205, 0.48
6206, 1.03
6207, 0.39
6208, 0.40
6209, 0.27
6210, 0.40
6211, 0.58
6212, 0.41
6213, 0.19
6214, 0.60
6215, 0.44
6216, 0.48
6217, 0.34
6218, 0.10
6219, 0.94
6220, 0.42
6221, 0.52
6222, 0.43
6223, 0.84
6224, 0.26
6225, 0.48
6226, 0.64
6227, 0.54
6228, 0.62
6229, 0.86
6230, 0.93
6231, 0.45
6232, 0.25
6233, 0.70
6234, 0.99
6235, 0.43
6236, 0.60
6237, 0.46
6238, 0.55
6239, 0.57
6240, 0.49
6241, 0.48
6242, 0.54
6243, 0.54
6244, 0.65
6245, 0.33
6246, 0.51
6247, 0.43
6248, 0.56
6249, 0.40
6250, 0.91
6251, 0.47
6252, 0.38
6253, 0.50
6254, 0.25
6255, 0.53
6256, 0.42
6257, 0.46
6258, 0.49
6259, 0.47
6260, 0.57
6261, 0.44
6262, 0.56
6263, 0.52
6264, 0.19
6265, 0.21
6266, 0.96
6267, 0.68
6268, 0.79
6269, 0.46
6270, 0.52
6271, 0.52
6272, 0.38
6273, 0.17
6274, 0.44
6275, 0.50
6276, 0.62
6277, 0.87
6278, 0.47
6279, 0.35
6280, 0.97
6281, 0.15
6282, 0.50
6283, 0.15
6284, 0.46
6285, 0.53
6286, 0.52
6287, 0.51
6288, 0.50
6289, 0.35
6290, 0.98
6291, 0.45
6292, 0.36
6293, 0.42
6294, 0.48
6295, 0.63
6296, 0.70
6297, 0.56
6298, 0.23
6299, 0.88
6300, 0.46
6301, 0.49
6302, 0.32
6303, 0.28
6304, 0.97
6305, 0.47
6306, 0.72
6307, 0.69
6308, 0.38
6309, 0.35
6310, 0.35
6311, 0.25
6312, 0.07
6313, 0.61
6314, 0.29
6315, 0.39
6316, 0.84
6317, 0.57
6318, 0.40
6319, 0.31
6320, 0.65
6321, 0.57
6322, 0.49
6323, 0.42
6324, 0.99
6325, 0.49
6326, 0.11
6327, 0.49
6328, -0.05
6329, 0.44
6330, 0.74
6331, 0.49
6332, 0.50
6333, 0.45
6334, 0.76
6335, 0.71
6336, 0.55
6337, 0.46
6338, 0.47
6339, 0.46
6340, 0.10
6341, 0.49
6342, 0.32
6343, 0.32
6344, 0.95
6345, 0.29
6346, 0.97
6347, 0.48
6348, 0.97
6349, 0.51
6350, 0.33
6351, 0.51
6352, 0.91
6353, 0.46
6354, 0.51
6355, 0.59
6356, 0.22
6357, 0.80
6358, 0.34
6359, 0.60
6360, 0.93
6361, 0.20
6362, 0.58
6363, 0.93
6364, 0.46
6365, 0.45
6366, 0.12
6367, 0.48
6368, 0.21
6369, 0.97
6370, 0.35
6371, 0.70
6372, 0.15
6373, 0.60
6374, 0.49
6375, 0.22
6376, 0.82
6377, 0.52
6378, 0.89
6379, 0.54
6380, 0.30
6381, 0.54
6382, 0.45
6383, 0.58
6384, 0.37
6385, 0.43
6386, 0.37
6387, 0.24
6388, 0.50
6389, 0.50
6390, 0.62
6391, 0.46
6392, 0.37
6393, 0.60
6394, 0.44
6395, 0.41
6396, 0.92
6397, 0.08
6398, 0.51
6399, 0.55
6400, 0.51
6401, 0.37
6402, 0.20
6403, 0.49
6404, 0.84
6405, 0.37
6406, 0.58
6407, 0.56
6408, 0.47
6409, 0.52
6410, 0.43
6411, 0.48
6412, 0.52
6413, 0.36
6414, 0.53
6415, 0.62
6416, 0.45
6417, 0.19
6418, 0.20
6419, 0.53
6420, 0.59
6421, 0.91
6422, 0.15
6423, 0.23
6424, 0.42
6425, 0.51
6426, 0.91
6427, 0.46
6428, 0.50
6429, 0.53
6430, 0.88
6431, 0.29
6432, 0.48
6433, 0.24
6434, 0.44
6435, 0.27
6436, 0.22
6437, 0.50
6438, 0.50
6439, 0.39
6440, 0.35
6441, 0.50
6442, 0.44
6443, 0.33
6444, 0.24
6445, 0.34
6446, 0.46
6447, 0.49
6448, 0.81
6449, 0.59
6450, 0.20
6451, 0.40
6452, 0.62
6453, 0.66
6454, 0.58
6455, 0.38
6456, 0.88
6457, 0.42
6458, 0.43
6459, 0.50
6460, 0.21
6461, 0.76
6462, 0.35
6463, 0.24
6464, 0.58
6465, 0.33
6466, 0.38
6467, 0.46
6468, 0.92
6469, 0.56
6470, 0.42
6471, 0.67
6472, 0.43
6473, 0.41
6474, 0.49
6475, 0.53
6476, 0.98
6477, 0.48
6478, 0.23
6479, 0.31
6480, 0.32
6481, 0.47
6482, 0.42
6483, 0.42
6484, 0.76
6485, 0.53
6486, 0.15
6487, 0.50
6488, 0.86
6489, 0.23
6490, 0.45
6491, 0.45
6492, 0.15
6493, 0.60
6494, 0.45
6495, 0.43
6496, 0.62
6497, 0.50
6498, 0.17
6499, 0.48
6500, 0.48
6501, 0.60
6502, 0.50
6503, 0.36
6504, 0.25
6505, 0.37
6506, 0.48
6507, 0.56
6508, 0.50
6509, 0.56
6510, 0.52
6511, 0.90
6512, 0.98
6513, 0.41
6514, 0.42
6515, 0.47
6516, 0.45
6517, 0.49
6518, 0.35
6519, 0.40
6520, 0.14
6521, 0.59
6522, 0.63
6523, 0.42
6524, 0.55
6525, 0.48
6526, 0.57
6527, 0.70
6528, 0.82
6529, 0.57
6530, 0.98
6531, 0.47
6532, 0.15
6533, 0.31
6534, 0.70
6535, 0.17
6536, 0.93
6537, 0.46
6538, 0.52
6539, 0.54
6540, 0.53
6541, 0.60
6542, 0.39
6543, 0.94
6544, 0.49
6545, 0.62
6546, 0.42
6547, 0.43
6548, 0.48
6549, 0.86
6550, 0.48
6551, 0.52
6552, 0.10
6553, 0.71
6554, 0.30
6555, 0.59
6556, 0.46
6557, 0.44
6558, 0.66
6559, 0.47
6560, 0.23
6561, 0.33
6562, 0.45
6563, 0.54
6564, 0.27
6565, 0.34
6566, 0.17
6567, 0.90
6568, 0.57
6569, 0.11
6570, 0.46
6571, 0.53
6572, 0.56
6573, 0.40
6574, 0.95
6575, 0.41
6576, 0.21
6577, 0.45
6578, 0.60
6579, 0.35
6580, 0.50
6581, 0.44
6582, 0.41
6583, 0.74
6584, 0.49
6585, 0.43
6586, 0.51
6587, 0.16
6588, 0.37
6589, 0.29
6590, 0.42
6591, 0.35
6592, 1.03
6593, 0.40
6594, 0.33
6595, 0.68
6596, 0.58
6597, 0.52
6598, 0.62
6599, 0.32
6600, 0.52
6601, 0.50
6602, 0.70
6603, 0.33
6604, 0.54
6605, 0.14
6606, 0.63
6607, 0.46
6608, 0.47
6609, 0.50
6610, 0.17
6611, 0.11
6612, 0.23
6613, 0.58
6614, 0.52
6615, 0.57
6616, 0.10
6617, 1.02
6618, 0.28
6619, 0.44
6620, 0.44
6621, 0.06
6622, 0.47
6623, 0.41
6624, 0.45
6625, 0.39
6626, 0.55
6627, 0.41
6628, 0.81
6629, 0.57
6630, 0.91
6631, 0.46
6632, 0.52
6633, 0.54
6634, 0.41
6635, 0.80
6636, 0.35
6637, 1.01
6638, 0.41
6639, 0.97
6640, 0.55
6641, 0.82
6642, 0.27
6643, 0.17
6644, 0.37
6645, 0.40
6646, 0.18
6647, 0.39
6648, 0.13
6649, 0.15
6650, 0.30
6651, 0.73
6652, 0.39
6653, 0.53
6654, 0.52
6655, 0.46
6656, 0.37
6657, 0.59
6658, 0.54
6659, 0.56
6660, 0.88
6661, 0.49
6662, 0.49
6663, 0.46
6664, 0.45
6665, 0.76
6666, 0.45
6667, 0.52
6668, 0.62
6669, 0.49
6670, 0.63
6671, 0.87
6672, 0.48
6673, 0.19
6674, 0.51
6675, 0.29
6676, 0.77
6677, 0.34
6678, 0.63
6679, 0.54
6680, 0.09
6681, 0.58
6682, 0.53
6683, 0.28
6684, 0.55
6685, 0.45
6686, 0.36
6687, 0.61
6688, 0.61
6689, 0.96
6690, 0.46
6691, 0.46
6692, 0.86
6693, 0.44
6694, 0.48
6695, 0.14
6696, 0.97
6697, 0.38
6698, 0.39
6699, 0.40
6700, 0.47
6701, 0.56
6702, 0.17
6703, 0.22
6704, 0.46
6705, 0.36
6706, 0.51
6707, 0.46
6708, 0.51
6709, 0.51
6710, 0.12
6711, 0.68
6712, 0.51
6713, 0.43
6714, 0.13
6715, 0.49
6716, 0.50
6717, 0.34
6718, 0.39
6719, 0.43
6720, 0.35
6721, 0.62
6722, 0.48
6723, 0.99
6724, 0.57
6725, 0.32
6726, 0.38
6727, 0.46
6728, 0.25
6729, 1.04
6730, 0.59
6731, 0.45
6732, 0.88
6733, 0.47
6734, 0.51
6735, 0.57
6736, 0.47
6737, 0.51
6738, 0.60
6739, 0.48
6740, 0.54
6741, 0.66
6742, 0.40
6743, 0.20
6744, 0.91
6745, 0.85
6746, 0.52
6747, 0.38
6748, 0.50
6749, 0.76
6750, 0.45
6751, 0.11
6752, 0.58
6753, 0.42
6754, 0.39
6755, 0.24
6756, 0.47
6757, 0.75
6758, 0.55
6759, 0.34
6760, 0.54
6761, 0.22
6762, -0.00
6763, 0.70
6764, 0.44
6765, 0.25
6766, 0.49
6767, 0.48
6768, 0.50
6769, 0.50
6770, 0.95
6771, 0.49
6772, 0.56
6773, 0.18
6774, 0.54
6775, 0.66
6776, 0.53
6777, 0.63
6778, 0.38
6779, 0.39
6780, 0.58
6781, 0.92
6782, 0.49
6783, 0.68
6784, 0.79
6785, 0.46
6786, 0.47
6787, 0.56
6788, 0.53
6789, 1.00
6790, 0.38
6791, 0.62
6792, 1.13
6793, 0.30
6794, 0.38
6795, 0.73
6796, 1.01
6797, 0.34
6798, 0.96
6799, 0.18
6800, 0.99
6801, 0.94
6802, 0.57
6803, 0.51
6804, 0.11
6805, 0.83
6806, 0.64
6807, 0.50
6808, 0.10
6809, 0.26
6810, 0.13
6811, 0.67
6812, 0.47
6813, 0.44
6814, 0.39
6815, 0.48
6816, 0.57
6817, 0.47
6818, 0.45
6819, 0.75
6820, 0.42
6821, 0.87
6822, 0.43
6823, 0.54
6824, 0.23
6825, 0.78
6826, 0.77
6827, 0.11
6828, 0.36
6829, 0.45
6830, 0.34
6831, 0.89
6832, 0.31
6833, 0.87
6834, 0.46
6835, 0.37
6836, 0.45
6837, 0.20
6838, 0.45
6839, 0.48
6840, 0.14
6841, 0.49
6842, 0.52
6843, 0.59
6844, 0.40
6845, 0.46
6846, 0.49
6847, 0.97
6848, 0.36
6849, 0.50
6850, 0.49
6851, 0.24
6852, 0.34
6853, 0.42
6854, 0.68
6855, 0.59
6856, 0.56
6857, 0.40
6858, 0.66
6859, 0.43
6860, 0.55
6861, 0.94
6862, 0.96
6863, 0.58
6864, 0.50
6865, 0.19
6866, 0.57
6867, 0.61
6868, 0.60
6869, 0.59
6870, 0.58
6871, 0.68
6872, 0.48
6873, 0.86
6874, 0.50
6875, 0.59
6876, 0.65
6877, 0.36
6878, 0.19
6879, 0.43
6880, 0.48
6881, 0.54
6882, 0.52
6883, 0.55
6884, 0.68
6885, 0.53
6886, 0.37
6887, 0.47
6888, 0.53
6889, 0.17
6890, 0.85
6891, 0.50
6892, 1.05
6893, 0.60
6894, 0.85
6895, 0.86
6896, 0.26
6897, 0.90
6898, 0.58
6899, 0.49
6900, 1.02
6901, 0.43
6902, 0.46
6903, 0.26
6904, 0.42
6905, 0.55
6906, 0.14
6907, 0.34
6908, 0.49
6909, 0.27
6910, 0.45
6911, 0.85
6912, 0.43
6913, 0.44
6914, 0.43
6915, 0.29
6916, 0.34
6917, 0.50
6918, 0.45
6919, 0.49
6920, 0.57
6921, 0.51
6922, 0.52
6923, 0.13
6924, 0.52
6925, 0.41
6926, 0.55
6927, 0.40
6928, 0.60
6929, 0.42
6930, 0.32
6931, 0.58
6932, 0.93
6933, 0.62
6934, 0.48
6935, 0.59
6936, 1.01
6937, 0.56
6938, 0.54
6939, 0.20
6940, 0.95
6941, 0.53
6942, 0.48
6943, 0.35
6944, 0.40
6945, 0.46
6946, 0.34
6947, 0.73
6948, 0.23
6949, 1.02
6950, 0.56
6951, 0.55
6952, 0.68
6953, 0.40
6954, 0.48
6955, 0.43
6956, 0.20
6957, 0.37
6958, 0.23
6959, 0.53
6960, 0.19
6961, 1.01
6962, 0.29
6963, 0.59
6964, 0.51
6965, 0.96
6966, 0.21
6967, 0.49
6968, 0.52
6969, 0.53
6970, 0.14
6971, 0.26
6972, 0.38
6973, 0.48
6974, 0.65
6975, 0.51
6976, 0.44
6977, 0.18
6978, 0.43
6979, 0.29
6980, 0.61
6981, 0.11
6982, 0.29
6983, 0.60
6984, 0.47
6985, 0.17
6986, 0.51
6987, 0.56
6988, 0.48
6989, 0.73
6990, 0.54
6991, 0.41
6992, 0.22
6993, 0.57
6994, 0.66
6995, 0.89
6996, 0.52
6997, 0.97
6998, 0.54
6999, 0.46
7000, 0.57
7001, 0.71
7002, 0.53
7003, 0.57
7004, 0.95
7005, 0.69
7006, 0.45
7007, 0.48
7008, 0.58
7009, 0.52
7010, 0.71
7011, 0.28
7012, 0.24
7013, 0.62
7014, 0.53
7015, 0.60
7016, 0.37
7017, 0.29
7018, 0.15
7019, 0.51
7020, 0.42
7021, 0.38
7022, 0.18
7023, 0.66
7024, 0.62
7025, 0.31
7026, 0.56
7027, 0.13
7028, 0.36
7029, 0.48
7030, 0.40
7031, 0.58
7032, 0.55
7033, 0.20
7034, 0.88
7035, 0.64
7036, 0.70
7037, 0.17
7038, 0.43
7039, 0.47
7040, 0.46
7041, 0.47
7042, 0.49
7043, 0.36
7044, 0.50
7045, 0.74
7046, 0.50
7047, 0.30
7048, 0.57
7049, 0.67
7050, 0.58
7051, 0.43
7052, 0.44
7053, 0.39
7054, 0.60
7055, 0.50
7056, 0.51
7057, 0.48
7058, 0.48
7059, 0.21
7060, 0.46
7061, 0.22
7062, 0.55
7063, 0.39
7064, 0.28
7065, 0.88
7066, 0.52
7067, 0.49
7068, 0.39
7069, 0.44
7070, 0.56
7071, 0.50
7072, 0.86
7073, 0.20
7074, 0.36
7075, 0.11
7076, 0.48
7077, 0.18
7078, 0.35
7079, 0.98
7080, 0.95
7081, 0.57
7082, 0.13
7083, 0.25
7084, 0.46
7085, 0.46
7086, 0.47
7087, 0.93
7088, 0.54
7089, 0.51
7090, 0.43
7091, 0.54
7092, 0.48
7093, 0.41
7094, 0.14
7095, 0.52
7096, 0.56
7097, 0.48
7098, 0.55
7099, 0.50
7100, 0.47
7101, 0.41
7102, 0.60
7103, 0.45
7104, 0.56
7105, 0.65
7106, 0.98
7107, 0.36
7108, 0.48
7109, 0.56
7110, 0.21
7111, 0.52
7112, 0.31
7113, 0.69
7114, 0.54
7115, 0.42
7116, 0.49
7117, 0.28
7118, 0.55
7119, 0.74
7120, 0.42
7121, 0.32
7122, 0.38
7123, 0.99
7124, 0.52
7125, 0.41
7126, 0.28
7127, 0.44
7128, 0.41
7129, 0.49
7130, 0.83
7131, 0.65
7132, 0.44
7133, 0.14
7134, 0.23
7135, 0.52
7136, 0.44
7137, 0.18
7138, 0.57
7139, 0.59
7140, 0.21
7141, 0.59
7142, 0.22
7143, 0.39
7144, 0.36
7145, 0.82
7146, 0.42
7147, 0.36
7148, 0.48
7149, 0.86
7150, 0.55
7151, 0.40
7152, 0.39
7153, 0.45
7154, 0.57
7155, 0.86
7156, 0.57
7157, 0.86
7158, 0.52
7159, 0.59
7160, 0.31
7161, 0.13
7162, 0.18
7163, 0.42
7164, 0.80
7165, 0.70
7166, 1.01
7167, 0.39
7168, 0.36
7169, 0.43
7170, 0.70
7171, 0.11
7172, 0.54
7173, 0.31
7174, 0.50
7175, 0.48
7176, 0.74
7177, 0.49
7178, 0.51
7179, 0.97
7180, 0.86
7181, 0.90
7182, 0.25
7183, 0.97
7184, 0.81
7185, 0.56
7186, 0.12
7187, 0.51
7188, 0.43
7189, 0.31
7190, 0.60
7191, 0.49
7192, 0.91
7193, 0.46
7194, 0.64
7195, 0.60
7196, 0.55
7197, 0.27
7198, 0.47
7199, 0.23
7200, 0.89
7201, 0.51
7202, 0.46
7203, 0.37
7204, 0.20
7205, 0.50
7206, 0.37
7207, 0.48
7208, 0.84
7209, 0.46
7210, 0.40
7211, 0.43
7212, 0.32
7213, 0.58
7214, 0.34
7215, 0.20
7216, 0.97
7217, 0.84
7218, 0.60
7219, 0.61
7220, 0.47
7221, 0.61
7222, 1.00
7223, 0.32
7224, 0.51
7225, 0.98
7226, 0.45
7227, 0.29
7228, 0.43
7229, 0.31
7230, 0.32
7231, 0.48
7232, 0.40
7233, 0.59
7234, 0.58
7235, 0.09
7236, 0.65
7237, 0.49
7238, 0.39
7239, 0.36
7240, 0.35
7241, 0.54
7242, 0.49
7243, 0.52
7244, 0.54
7245, 0.31
7246, 0.21
7247, 0.24
7248, 0.36
7249, 0.47
7250, 0.45
7251, 0.63
7252, 0.68
7253, 0.53
7254, 0.39
7255, 0.97
7256, 0.43
7257, 0.48
7258, 0.90
7259, 0.45
7260, 0.33
7261, 0.27
7262, 0.75
7263, 0.58
7264, 0.49
7265, 0.31
7266, 0.44
7267, 0.90
7268, 0.52
7269, 0.79
7270, 0.42
7271, 0.45
7272, 0.45
7273, 0.44
7274, 0.83
7275, 0.78
7276, 0.54
7277, 0.42
7278, 0.64
7279, 0.37
7280, 0.48
7281, 0.49
7282, 0.41
7283, 0.39
7284, 0.49
7285, 0.59
7286, 0.57
7287, 0.49
7288, 0.53
7289, 0.48
7290, 0.43
7291, 0.71
7292, 0.49
7293, 0.58
7294, 0.28
7295, 0.19
7296, 0.79
7297, 0.67
7298, 1.00
7299, 0.59
7300, 0.55
7301, 0.48
7302, 0.51
7303, 0.46
7304, 0.10
7305, 0.63
7306, 0.57
7307, 0.47
7308, 0.30
7309, 0.42
7310, 0.67
7311, 0.35
7312, 0.51
7313, 0.48
7314, 0.34
7315, 0.43
7316, 0.44
7317, 0.43
7318, 0.27
7319, 0.57
7320, 0.45
7321, 0.54
7322, 0.87
7323, 0.28
7324, 0.80
7325, 0.57
7326, 0.51
7327, 0.71
7328, 0.50
7329, 0.54
7330, 0.47
7331, 0.60
7332, 0.40
7333, 0.50
7334, 0.72
7335, 0.49
7336, 0.44
7337, 0.47
7338, 0.38
7339, 0.48
7340, 0.41
7341, 0.47
7342, 0.92
7343, 0.78
7344, 0.34
7345, 0.22
7346, 0.35
7347, 0.96
7348, 0.31
7349, 0.98
7350, 0.35
7351, 0.87
7352, 0.56
7353, 0.36
7354, 0.92
7355, 0.92
7356, 0.47
7357, 0.60
7358, 0.24
7359, 0.53
7360, 0.50
7361, 0.59
7362, 0.99
7363, 0.36
7364, 0.62
7365, 0.51
7366, 0.42
7367, 0.88
7368, 0.46
7369, 0.48
7370, 0.49
7371, 0.44
7372, 0.22
7373, 0.98
7374, 0.41
7375, 0.64
7376, 1.02
7377, 0.11
7378, 0.54
7379, 0.42
7380, 0.57
7381, 0.46
7382, 0.21
7383, 0.76
7384, 0.64
7385, 0.15
7386, 0.51
7387, 0.41
7388, 0.47
7389, 1.04
7390, 0.63
7391, 0.48
7392, 0.36
7393, 0.48
7394, 0.90
7395, 0.49
7396, 0.35
7397, 0.52
7398, 0.41
7399, 0.31
7400, 0.47
7401, 1.00
7402, 0.62
7403, 0.42
7404, 0.50
7405, 0.49
7406, 0.04
7407, 0.47
7408, 0.25
7409, 0.10
7410, 0.52
7411, 0.13
7412, 0.44
7413, 0.15
7414, 0.85
7415, 0.61
7416, 0.12
7417, 0.91
7418, 0.12
7419, 0.49
7420, 0.96
7421, 0.38
