Id,Predicted
0, 0.32
1, 0.43
2, 0.45
3, 0.59
4, 0.54
5, 0.48
6, 0.42
7, 0.12
8, 0.51
9, 0.31
10, 0.41
11, 0.76
12, 0.55
13, 0.75
14, 0.63
15, 0.41
16, 0.38
17, 0.27
18, 0.47
19, 0.39
20, 0.14
21, 0.39
22, 0.58
23, 0.74
24, 0.57
25, 0.59
26, 0.41
27, 0.43
28, 0.80
29, 0.62
30, 0.79
31, 0.39
32, 0.68
33, 0.49
34, 0.41
35, 0.74
36, 0.23
37, 0.68
38, 0.70
39, 0.75
40, 0.69
41, 0.59
42, 0.18
43, 0.68
44, 0.64
45, 0.23
46, 0.53
47, 0.65
48, 0.38
49, 0.67
50, 0.65
51, 0.74
52, 0.30
53, 0.22
54, 0.11
55, 0.28
56, 0.57
57, 0.32
58, 0.68
59, 0.39
60, 0.23
61, 0.57
62, 0.93
63, 0.31
64, 0.54
65, 0.19
66, 0.43
67, 0.65
68, 0.65
69, 0.43
70, 0.46
71, 0.30
72, 0.60
73, 0.58
74, 0.64
75, 0.45
76, 0.06
77, 0.14
78, 0.35
79, 0.38
80, 0.38
81, 0.19
82, 0.40
83, 0.63
84, 0.36
85, 0.45
86, 0.17
87, 0.49
88, 0.86
89, 0.33
90, 0.35
91, 0.31
92, 0.62
93, 0.72
94, 0.39
95, 0.69
96, 0.48
97, 0.32
98, 0.54
99, 0.69
100, 0.16
101, 0.46
102, 0.64
103, 0.34
104, 0.06
105, 0.43
106, 0.40
107, 0.84
108, 0.06
109, 0.67
110, 0.66
111, 0.53
112, 0.10
113, 0.62
114, 0.63
115, 0.60
116, 0.41
117, 0.37
118, 0.62
119, 0.39
120, 0.43
121, 0.66
122, 0.40
123, 0.33
124, 0.18
125, 0.42
126, 0.67
127, 0.36
128, 0.03
129, 0.57
130, 0.71
131, 0.36
132, 0.67
133, 0.24
134, 0.65
135, 0.22
136, 0.31
137, 0.39
138, 0.55
139, 0.67
140, 0.65
141, 0.69
142, 0.82
143, 0.34
144, 0.32
145, 0.49
146, 0.64
147, 0.63
148, 0.31
149, 0.38
150, 0.35
151, 0.18
152, 0.11
153, 0.38
154, 0.45
155, 0.09
156, 0.33
157, 0.46
158, 0.20
159, 0.61
160, 0.45
161, 0.62
162, 0.20
163, 0.30
164, 0.68
165, 0.40
166, 0.38
167, 0.48
168, 0.20
169, 0.67
170, 0.57
171, 0.45
172, 0.00
173, 0.19
174, 0.17
175, 0.40
176, 0.42
177, 0.55
178, 0.06
179, 0.47
180, 0.69
181, 0.69
182, 0.52
183, 0.87
184, 0.42
185, 0.93
186, 0.38
187, 1.27
188, 0.50
189, 0.65
190, 0.40
191, 0.46
192, 0.35
193, 0.30
194, 0.49
195, 0.63
196, 0.72
197, 0.54
198, 0.64
199, 0.38
200, 0.45
201, 0.41
202, 0.67
203, 0.46
204, 0.42
205, 0.53
206, 0.39
207, 0.42
208, 0.75
209, 0.44
210, 0.06
211, 0.33
212, 0.59
213, 0.71
214, 0.70
215, 0.16
216, 0.33
217, 0.50
218, -0.04
219, 0.52
220, 0.71
221, 0.37
222, 0.34
223, 0.63
224, 0.78
225, 0.09
226, 0.55
227, 0.79
228, 0.35
229, 0.28
230, 0.43
231, 0.60
232, 0.67
233, 0.79
234, 0.25
235, 0.46
236, 0.07
237, 0.63
238, 0.68
239, 0.63
240, 0.61
241, 0.23
242, 0.38
243, 0.38
244, 0.35
245, 0.70
246, 0.58
247, 0.69
248, 0.40
249, 0.86
250, 0.60
251, 0.81
252, 0.32
253, 0.11
254, 0.16
255, 0.40
256, 0.17
257, 0.73
258, 0.33
259, 0.74
260, 0.38
261, 0.43
262, 0.64
263, 0.50
264, 0.41
265, 0.44
266, 0.23
267, 0.45
268, 0.73
269, 0.57
270, 0.17
271, 0.61
272, 0.33
273, 0.70
274, 0.65
275, 0.44
276, 0.62
277, 0.41
278, 0.12
279, 0.39
280, 0.25
281, 0.39
282, 0.19
283, 0.38
284, 0.46
285, 0.40
286, 0.44
287, 0.75
288, 0.37
289, 0.08
290, 0.17
291, 0.16
292, 0.61
293, 0.43
294, 0.14
295, 0.91
296, 0.61
297, 0.75
298, 0.22
299, 0.67
300, 0.20
301, 0.13
302, 0.42
303, 0.51
304, 0.82
305, 0.48
306, 0.86
307, 0.35
308, 0.70
309, 0.18
310, 0.77
311, 0.19
312, 0.94
313, 0.70
314, 0.45
315, 0.49
316, 0.50
317, 0.67
318, 0.12
319, 0.44
320, 0.65
321, 0.34
322, 0.80
323, 0.39
324, 0.16
325, 0.16
326, -0.04
327, 0.63
328, 0.61
329, 0.68
330, 0.55
331, 0.37
332, 0.08
333, 0.45
334, 0.44
335, 0.59
336, 0.45
337, 0.31
338, 0.39
339, 0.74
340, 0.67
341, 0.29
342, 0.43
343, 0.31
344, 0.28
345, 0.54
346, 0.42
347, 0.65
348, 0.63
349, 0.40
350, 0.18
351, 0.16
352, 0.82
353, 0.38
354, 0.33
355, 0.26
356, 0.37
357, 0.07
358, 0.53
359, 0.43
360, 0.35
361, 0.30
362, 0.62
363, 0.38
364, 0.32
365, 0.65
366, 0.45
367, 0.57
368, 0.41
369, 0.38
370, 0.47
371, 0.78
372, 0.80
373, 0.37
374, 0.19
375, 0.48
376, 0.37
377, 0.36
378, 0.61
379, 0.76
380, 0.18
381, 0.64
382, 0.65
383, 0.43
384, 0.67
385, 0.65
386, 0.38
387, 0.64
388, 0.30
389, 0.26
390, 0.66
391, 0.66
392, 0.17
393, 0.55
394, 0.77
395, 0.55
396, 0.43
397, 0.43
398, 0.48
399, 0.68
400, 0.19
401, 0.51
402, 0.45
403, 0.68
404, 0.39
405, 0.44
406, 0.39
407, 0.75
408, 0.40
409, 0.54
410, 0.41
411, 0.40
412, 0.68
413, 0.28
414, 0.39
415, 0.63
416, 0.19
417, 0.20
418, 0.54
419, 0.54
420, 0.19
421, 0.41
422, 0.44
423, 0.47
424, 0.35
425, 0.46
426, 0.64
427, 0.38
428, 0.38
429, 0.39
430, 0.45
431, 0.49
432, 0.14
433, 0.35
434, 0.18
435, 0.46
436, 0.31
437, 0.67
438, 0.46
439, 0.37
440, 0.70
441, 0.33
442, 0.36
443, 0.73
444, 0.43
445, 0.43
446, 0.41
447, 0.43
448, 0.32
449, 0.52
450, 0.41
451, 0.61
452, 0.14
453, 0.27
454, 0.10
455, 0.48
456, 0.43
457, 0.47
458, 0.18
459, 0.31
460, 0.37
461, 0.68
462, 0.18
463, 0.40
464, 0.32
465, 0.52
466, 0.54
467, 0.40
468, 0.31
469, 0.47
470, 0.59
471, 0.52
472, 0.73
473, 0.10
474, 0.67
475, 0.27
476, 0.52
477, 0.09
478, 0.63
479, 0.48
480, 0.33
481, 0.33
482, 0.42
483, 0.43
484, 0.69
485, 0.43
486, 0.40
487, 0.42
488, 0.10
489, 0.41
490, 0.59
491, 0.38
492, 0.67
493, 0.74
494, 0.65
495, 0.07
496, 0.45
497, 0.68
498, 0.74
499, 0.40
500, 0.14
501, 0.36
502, 0.61
503, 0.31
504, 0.66
505, 0.64
506, 0.69
507, 0.29
508, 0.15
509, 0.63
510, 0.70
511, 0.46
512, 0.39
513, 0.45
514, 0.38
515, 0.19
516, 0.43
517, 0.33
518, 0.14
519, 0.38
520, 0.28
521, 0.64
522, 0.11
523, 0.67
524, 0.37
525, 0.40
526, 0.69
527, 0.49
528, 0.62
529, 0.38
530, 0.67
531, 0.43
532, 0.91
533, 0.49
534, 0.69
535, 0.86
536, 0.69
537, 0.43
538, 0.66
539, 0.35
540, 0.89
541, 0.33
542, 0.45
543, 0.66
544, 0.37
545, 0.34
546, 0.27
547, 0.21
548, 0.10
549, 0.45
550, 0.35
551, 0.57
552, 0.66
553, 0.46
554, 0.26
555, 0.32
556, 0.38
557, 0.30
558, 0.35
559, 0.63
560, 0.69
561, 0.46
562, 0.44
563, 0.63
564, 0.64
565, 0.18
566, 0.15
567, 0.33
568, 0.11
569, 0.64
570, 0.43
571, 0.88
572, 0.62
573, 0.64
574, 0.35
575, 0.46
576, 0.19
577, 0.69
578, 0.14
579, 0.59
580, 0.20
581, 0.13
582, 0.33
583, 0.63
584, 0.28
585, 0.69
586, 0.53
587, 0.10
588, 0.44
589, 0.64
590, 0.51
591, 0.38
592, 0.38
593, 0.37
594, 0.65
595, 0.39
596, 0.12
597, 0.59
598, 0.55
599, 0.19
600, 0.12
601, 0.14
602, 0.37
603, 0.20
604, 0.24
605, 0.43
606, 0.63
607, 0.66
608, 0.51
609, 0.25
610, 0.20
611, 0.50
612, 0.17
613, 0.40
614, 0.76
615, 0.41
616, 0.41
617, 0.33
618, 0.46
619, 0.29
620, 0.55
621, 0.38
622, 0.75
623, 0.39
624, 0.58
625, 0.24
626, 0.71
627, 0.66
628, 0.68
629, 0.16
630, 0.55
631, 0.29
632, 0.35
633, 0.46
634, 0.61
635, 0.40
636, 0.57
637, 0.24
638, 0.53
639, 0.74
640, 0.38
641, 0.42
642, 0.23
643, 0.46
644, 0.35
645, 0.58
646, 0.07
647, 0.40
648, 0.31
649, 0.68
650, 0.36
651, 0.42
652, 0.15
653, 0.18
654, 0.69
655, 0.39
656, 0.40
657, 0.72
658, 0.19
659, 0.29
660, 0.15
661, 0.15
662, 0.70
663, 0.43
664, 0.35
665, 0.64
666, 0.70
667, 0.29
668, 0.42
669, 0.41
670, 0.17
671, 0.69
672, 0.44
673, 0.55
674, 0.31
675, 0.37
676, 0.16
677, 0.19
678, 0.41
679, 0.28
680, 0.38
681, 0.59
682, 0.04
683, 0.45
684, 0.47
685, 0.12
686, 0.38
687, 0.47
688, 0.35
689, 0.11
690, 0.38
691, 0.61
692, 0.57
693, 0.25
694, 0.15
695, 0.57
696, 0.71
697, 0.44
698, 0.33
699, 0.15
700, 0.40
701, 0.35
702, 0.49
703, 0.47
704, 0.35
705, 0.26
706, 0.43
707, 0.65
708, 0.45
709, 0.64
710, 0.13
711, 0.78
712, 0.49
713, 0.70
714, 0.44
715, 0.11
716, 0.64
717, 0.54
718, 0.15
719, 0.00
720, 0.52
721, 0.47
722, 0.34
723, 0.33
724, 0.32
725, 0.37
726, 0.16
727, 0.73
728, 0.56
729, 0.52
730, 0.39
731, 0.38
732, 0.59
733, 0.52
734, 0.35
735, 0.27
736, -0.07
737, 0.12
738, 0.41
739, 0.35
740, 0.47
741, 0.38
742, 0.70
743, 0.43
744, 0.39
745, 0.69
746, 0.48
747, 0.42
748, 0.38
749, -0.10
750, 0.57
751, 0.40
752, 0.12
753, 0.47
754, 0.64
755, 0.63
756, 0.67
757, 0.44
758, 0.63
759, 0.43
760, 0.65
761, 0.44
762, 0.43
763, 0.44
764, 0.73
765, 0.44
766, 0.11
767, 0.23
768, 0.35
769, 0.29
770, 0.26
771, 0.69
772, 0.74
773, 0.41
774, 0.44
775, 0.44
776, 0.35
777, 0.53
778, 0.38
779, 0.70
780, 0.95
781, 0.44
782, 0.47
783, 0.67
784, 0.69
785, 0.67
786, 0.40
787, 0.38
788, 0.34
789, 0.46
790, 0.64
791, 0.49
792, 0.40
793, 0.38
794, 0.62
795, 0.36
796, 0.34
797, 0.28
798, 0.66
799, 0.45
800, 0.32
801, 0.69
802, 0.67
803, 0.25
804, 0.41
805, 0.37
806, 0.28
807, 0.38
808, 0.11
809, 0.75
810, 0.66
811, 0.18
812, 0.31
813, 0.38
814, 0.28
815, 0.67
816, 0.42
817, 0.20
818, 0.38
819, 0.53
820, 0.13
821, 0.42
822, 0.38
823, 0.61
824, 0.26
825, 0.62
826, 0.38
827, 0.70
828, 0.16
829, 0.13
830, 0.63
831, 1.19
832, 0.39
833, 0.46
834, 0.78
835, 0.92
836, 0.66
837, 0.36
838, 0.85
839, 0.66
840, 0.62
841, 0.42
842, 0.44
843, 0.47
844, 0.22
845, 0.41
846, 0.15
847, 0.61
848, 0.12
849, 0.91
850, 0.60
851, 0.81
852, 0.20
853, 0.64
854, 0.77
855, 0.61
856, 0.16
857, 0.49
858, 0.73
859, 0.54
860, 0.69
861, -0.01
862, 0.34
863, 0.57
864, 0.78
865, 0.10
866, 0.39
867, 0.38
868, 0.49
869, 0.56
870, 0.26
871, 0.31
872, 0.81
873, 0.24
874, 0.42
875, 0.60
876, 0.35
877, 0.23
878, 0.41
879, 0.62
880, 0.40
881, 0.10
882, 0.41
883, 0.63
884, 0.34
885, 0.23
886, 0.52
887, 0.41
888, 0.64
889, 0.42
890, 0.24
891, 0.94
892, 0.09
893, 0.39
894, 0.51
895, 0.64
896, 0.61
897, 0.11
898, 0.47
899, 0.63
900, 0.39
901, 0.89
902, 0.37
903, 0.30
904, 0.37
905, 0.37
906, 0.39
907, 0.45
908, 0.81
909, 0.86
910, 0.38
911, 0.07
912, 0.61
913, 0.35
914, 0.53
915, 0.33
916, 0.49
917, 0.43
918, 0.80
919, 0.18
920, 0.60
921, 0.15
922, 0.67
923, 0.49
924, 0.78
925, 0.44
926, 0.62
927, 0.41
928, 0.49
929, 0.43
930, 0.62
931, 0.51
932, 0.35
933, 0.68
934, 0.67
935, 0.12
936, 0.14
937, 0.06
938, 0.74
939, 0.51
940, 0.36
941, 0.38
942, 0.41
943, 0.23
944, 0.53
945, 0.69
946, 0.73
947, 0.42
948, 0.34
949, 0.63
950, 0.65
951, 0.52
952, 0.32
953, 0.43
954, 0.47
955, 0.28
956, 0.16
957, 0.36
958, 0.38
959, 0.42
960, 0.44
961, 0.71
962, 0.36
963, 0.52
964, 0.20
965, 0.66
966, 0.82
967, 0.35
968, 0.67
969, 0.37
970, 0.43
971, 0.38
972, 0.14
973, 0.41
974, 0.52
975, 0.39
976, 0.66
977, 0.80
978, 0.27
979, 0.37
980, 0.62
981, 0.69
982, 0.62
983, 0.10
984, 0.89
985, 0.83
986, 0.66
987, 0.38
988, 0.20
989, 0.40
990, 0.43
991, 0.35
992, 0.38
993, 0.68
994, 0.24
995, 0.43
996, 0.69
997, 0.57
998, 0.38
999, 0.12
1000, 0.56
1001, 0.45
1002, 0.44
1003, 0.35
1004, 0.64
1005, 0.64
1006, 0.25
1007, 0.74
1008, 0.86
1009, 0.68
1010, 0.70
1011, 0.35
1012, 0.78
1013, 0.03
1014, 0.42
1015, 0.62
1016, 0.34
1017, 0.64
1018, 0.18
1019, 0.44
1020, 0.64
1021, 0.50
1022, 0.47
1023, 0.65
1024, 0.07
1025, 0.67
1026, 0.07
1027, 0.63
1028, 0.18
1029, 0.67
1030, 0.35
1031, 0.37
1032, 0.49
1033, 0.54
1034, 0.43
1035, 0.38
1036, 0.63
1037, 0.18
1038, 0.50
1039, 0.13
1040, 0.37
1041, 0.67
1042, 0.37
1043, 0.12
1044, 0.73
1045, 0.14
1046, 0.45
1047, 0.21
1048, 0.14
1049, 0.39
1050, 0.62
1051, 0.82
1052, 0.48
1053, 0.48
1054, 0.48
1055, 0.63
1056, 0.30
1057, 0.69
1058, -0.02
1059, 0.18
1060, 0.56
1061, 0.34
1062, 0.60
1063, 0.74
1064, 0.30
1065, 0.82
1066, 0.60
1067, 0.49
1068, 0.34
1069, 0.45
1070, 0.40
1071, 0.69
1072, 0.35
1073, 0.39
1074, 0.47
1075, 0.65
1076, 0.47
1077, 0.69
1078, 0.38
1079, 0.38
1080, 0.64
1081, 0.44
1082, 0.37
1083, 0.27
1084, 0.10
1085, 0.35
1086, 0.15
1087, 0.13
1088, 0.50
1089, 0.43
1090, 0.54
1091, 0.41
1092, 0.61
1093, 0.20
1094, 0.38
1095, 0.40
1096, 0.39
1097, 0.89
1098, 0.16
1099, 0.69
1100, 0.38
1101, 0.47
1102, 0.58
1103, 0.63
1104, 0.45
1105, 0.30
1106, 0.41
1107, 0.35
1108, 0.92
1109, 0.36
1110, 0.67
1111, 0.55
1112, 0.45
1113, 0.61
1114, 0.37
1115, 0.67
1116, 0.33
1117, 0.48
1118, 0.17
1119, 0.23
1120, 0.57
1121, 0.08
1122, 1.13
1123, 0.42
1124, 0.76
1125, 0.36
1126, 0.27
1127, 0.62
1128, 0.87
1129, 0.64
1130, 0.46
1131, 0.43
1132, 0.49
1133, 0.64
1134, 0.47
1135, 0.32
1136, 0.10
1137, 0.67
1138, 0.62
1139, 0.60
1140, 0.60
1141, 0.64
1142, 0.33
1143, 0.19
1144, 0.62
1145, 0.49
1146, 0.41
1147, 0.86
1148, 0.64
1149, 0.18
1150, 0.59
1151, 0.41
1152, 0.14
1153, 0.23
1154, 0.39
1155, 0.64
1156, 0.34
1157, 0.41
1158, 0.39
1159, 0.26
1160, 0.42
1161, 0.57
1162, 0.07
1163, 0.06
1164, 0.27
1165, 0.29
1166, 0.43
1167, 0.63
1168, 0.13
1169, 0.53
1170, 0.47
1171, 0.45
1172, 0.19
1173, 0.90
1174, 0.33
1175, 0.10
1176, 0.40
1177, 0.39
1178, 0.40
1179, 0.54
1180, 0.74
1181, 0.40
1182, 0.89
1183, 0.44
1184, 0.60
1185, 0.59
1186, 0.38
1187, 0.24
1188, 0.51
1189, 0.44
1190, 0.70
1191, 0.64
1192, 0.85
1193, 0.46
1194, 0.74
1195, 0.74
1196, 0.18
1197, 0.38
1198, 0.43
1199, 0.18
1200, 0.38
1201, 0.52
1202, 0.44
1203, 0.40
1204, 0.11
1205, 0.38
1206, 0.37
1207, 0.48
1208, 0.35
1209, 0.69
1210, 0.12
1211, 0.62
1212, 0.54
1213, 0.41
1214, 0.10
1215, 0.18
1216, 0.70
1217, 0.39
1218, 0.56
1219, 0.57
1220, 0.46
1221, 0.56
1222, 0.13
1223, 0.71
1224, 0.16
1225, 0.35
1226, 0.45
1227, 0.38
1228, 0.68
1229, 0.19
1230, 0.33
1231, 0.58
1232, 0.20
1233, 0.01
1234, 0.78
1235, 0.38
1236, 0.38
1237, 0.42
1238, 0.63
1239, 0.63
1240, 1.32
1241, 0.64
1242, 0.40
1243, 0.02
1244, 0.21
1245, 0.74
1246, 0.37
1247, 0.38
1248, 0.11
1249, 0.45
1250, 0.69
1251, 0.67
1252, 0.42
1253, 0.14
1254, 0.68
1255, 0.49
1256, 0.63
1257, 0.61
1258, 0.69
1259, 0.73
1260, 0.57
1261, 0.41
1262, 0.35
1263, 0.18
1264, 0.66
1265, 0.45
1266, 0.72
1267, 0.65
1268, 0.41
1269, 0.56
1270, 0.14
1271, 0.67
1272, 0.59
1273, 0.64
1274, 0.42
1275, 0.70
1276, 0.67
1277, 0.71
1278, 0.66
1279, 0.42
1280, 0.07
1281, 0.40
1282, 0.64
1283, 0.44
1284, 0.39
1285, 0.46
1286, 0.64
1287, 0.39
1288, 0.51
1289, 0.38
1290, 0.49
1291, 0.42
1292, 0.71
1293, 0.45
1294, 0.45
1295, 0.77
1296, 0.43
1297, 0.51
1298, 0.14
1299, 0.61
1300, 0.43
1301, 0.13
1302, 0.37
1303, 0.21
1304, 0.61
1305, 0.37
1306, 0.18
1307, 0.43
1308, 0.67
1309, 0.33
1310, 0.47
1311, 0.25
1312, 0.43
1313, 0.40
1314, 0.20
1315, 0.20
1316, 0.14
1317, 0.48
1318, 0.51
1319, 0.35
1320, 0.63
1321, 0.52
1322, 0.51
1323, 0.37
1324, 0.65
1325, 0.38
1326, 0.62
1327, 0.62
1328, 0.42
1329, 0.25
1330, 0.67
1331, 0.41
1332, 0.56
1333, 0.40
1334, 0.15
1335, 0.28
1336, 0.54
1337, 0.44
1338, 0.44
1339, 0.72
1340, 0.18
1341, 0.60
1342, 0.35
1343, 0.65
1344, 0.14
1345, 0.30
1346, 0.33
1347, 0.45
1348, 0.41
1349, 0.33
1350, 0.48
1351, 0.63
1352, 0.40
1353, 0.14
1354, 0.66
1355, 0.69
1356, 0.55
1357, 0.66
1358, 0.44
1359, 0.45
1360, 0.64
1361, 0.40
1362, 0.34
1363, 0.10
1364, 0.38
1365, 0.50
1366, 0.53
1367, 0.77
1368, 0.76
1369, 0.41
1370, 0.76
1371, 0.69
1372, 0.63
1373, 0.51
1374, 0.38
1375, 0.65
1376, 0.67
1377, 0.14
1378, 0.35
1379, 0.38
1380, 0.10
1381, 0.67
1382, 0.38
1383, 0.18
1384, 0.39
1385, 0.54
1386, 0.43
1387, 0.76
1388, 0.36
1389, 0.61
1390, 0.41
1391, 0.33
1392, 0.35
1393, 0.44
1394, 0.41
1395, 0.35
1396, 0.41
1397, 0.66
1398, 0.53
1399, 0.71
1400, 0.63
1401, 0.63
1402, 0.41
1403, 0.37
1404, 0.63
1405, 0.46
1406, 0.14
1407, 0.31
1408, 0.41
1409, 0.12
1410, 0.59
1411, 0.37
1412, 0.42
1413, 0.45
1414, 0.93
1415, 0.44
1416, 0.76
1417, 0.41
1418, 0.77
1419, 0.57
1420, 0.67
1421, 0.63
1422, 0.38
1423, 0.39
1424, 0.50
1425, 0.49
1426, 0.59
1427, 0.68
1428, 0.44
1429, 0.64
1430, 0.59
1431, 0.37
1432, 0.80
1433, 0.38
1434, 0.58
1435, 0.39
1436, 0.24
1437, 0.45
1438, 0.39
1439, 0.44
1440, 0.67
1441, 0.37
1442, 0.46
1443, 0.49
1444, 0.42
1445, 0.38
1446, 0.59
1447, 0.79
1448, 0.15
1449, 0.40
1450, 0.38
1451, 0.48
1452, 0.17
1453, 0.96
1454, 0.38
1455, 0.69
1456, 0.31
1457, 0.34
1458, 0.66
1459, 0.59
1460, 0.32
1461, 0.63
1462, 0.47
1463, 0.47
1464, 0.38
1465, 0.40
1466, 0.38
1467, 0.63
1468, 0.58
1469, 0.43
1470, 0.33
1471, 0.36
1472, 0.17
1473, 0.43
1474, 0.40
1475, 0.39
1476, 0.69
1477, 0.48
1478, 0.61
1479, 0.17
1480, 0.32
1481, 0.59
1482, 0.52
1483, 0.40
1484, 0.17
1485, 0.45
1486, 0.45
1487, 0.63
1488, 0.43
1489, 0.42
1490, 0.10
1491, 0.40
1492, 0.45
1493, 0.32
1494, 0.11
1495, 0.52
1496, 0.37
1497, 0.28
1498, 0.42
1499, 0.56
1500, 0.45
1501, 0.65
1502, 0.56
1503, 0.92
1504, 0.38
1505, 0.38
1506, 0.33
1507, 0.36
1508, 0.68
1509, 0.60
1510, 0.17
1511, 0.63
1512, 0.43
1513, 0.19
1514, 0.37
1515, 0.55
1516, 0.44
1517, 0.58
1518, 0.68
1519, 0.43
1520, 0.40
1521, 0.27
1522, 0.18
1523, 0.38
1524, 0.41
1525, 0.44
1526, 0.63
1527, 0.38
1528, 0.40
1529, 0.14
1530, 0.54
1531, 0.42
1532, 0.68
1533, 0.69
1534, 0.62
1535, 0.38
1536, 0.14
1537, 0.24
1538, 0.33
1539, 0.36
1540, 0.66
1541, 0.51
1542, 0.72
1543, 0.53
1544, 0.19
1545, 0.40
1546, 0.54
1547, 0.23
1548, 0.10
1549, 0.45
1550, 0.52
1551, 0.62
1552, 0.39
1553, 0.44
1554, 0.35
1555, 0.20
1556, 0.40
1557, 0.38
1558, 0.66
1559, 0.08
1560, 0.26
1561, 0.25
1562, 0.38
1563, 0.43
1564, 0.49
1565, 0.52
1566, 0.61
1567, 0.62
1568, 0.45
1569, 0.41
1570, 0.61
1571, 0.38
1572, 0.43
1573, 0.11
1574, 0.30
1575, 0.35
1576, 0.21
1577, 0.18
1578, 0.66
1579, 0.66
1580, 0.63
1581, 0.65
1582, 0.33
1583, 0.36
1584, 0.90
1585, 0.36
1586, 0.40
1587, 0.67
1588, 0.22
1589, 0.67
1590, 0.73
1591, 0.39
1592, 0.64
1593, 0.44
1594, 0.88
1595, 0.43
1596, 0.66
1597, 0.13
1598, 0.27
1599, 0.36
1600, 0.26
1601, 0.56
1602, 0.05
1603, 0.46
1604, 0.45
1605, 0.15
1606, 0.67
1607, 0.24
1608, 0.59
1609, 0.39
1610, 0.45
1611, 0.36
1612, 0.40
1613, 0.63
1614, 0.51
1615, 0.55
1616, 0.90
1617, 0.66
1618, 0.79
1619, 0.36
1620, 0.41
1621, 0.61
1622, 0.65
1623, 0.07
1624, 0.43
1625, 0.44
1626, 0.09
1627, 0.30
1628, 0.65
1629, 0.18
1630, 0.11
1631, 0.17
1632, 0.74
1633, 0.35
1634, 0.71
1635, 0.87
1636, 0.61
1637, 0.12
1638, 0.38
1639, 0.27
1640, 0.12
1641, 0.20
1642, 0.03
1643, 0.36
1644, 0.60
1645, 0.54
1646, 0.63
1647, 0.33
1648, 0.41
1649, 0.66
1650, 0.60
1651, 0.68
1652, 0.40
1653, 0.36
1654, 0.37
1655, 0.40
1656, 0.83
1657, 0.37
1658, 0.67
1659, 0.54
1660, 0.67
1661, 0.43
1662, 0.52
1663, 0.12
1664, 0.44
1665, 0.10
1666, 0.62
1667, 0.43
1668, 0.38
1669, 0.10
1670, 0.56
1671, 0.80
1672, 0.18
1673, 0.23
1674, 0.41
1675, 0.39
1676, 0.69
1677, 0.80
1678, 0.20
1679, 0.77
1680, 0.14
1681, 0.38
1682, 0.36
1683, 0.11
1684, 0.24
1685, 0.45
1686, 0.52
1687, 0.37
1688, 0.39
1689, 0.03
1690, 0.36
1691, 0.66
1692, 0.30
1693, 0.48
1694, 0.69
1695, 0.68
1696, 0.61
1697, 0.62
1698, 0.49
1699, 0.67
1700, 0.65
1701, 0.25
1702, 0.60
1703, 0.41
1704, 0.53
1705, 0.33
1706, 0.43
1707, 0.38
1708, 0.66
1709, 0.45
1710, 0.41
1711, 0.59
1712, 0.28
1713, 0.17
1714, 0.72
1715, 0.60
1716, 0.70
1717, 0.43
1718, 0.16
1719, 0.46
1720, 0.92
1721, 0.36
1722, 0.43
1723, 0.61
1724, 0.68
1725, 0.41
1726, 0.71
1727, 0.42
1728, 0.32
1729, 0.47
1730, 0.35
1731, 0.44
1732, 0.37
1733, 0.49
1734, 0.19
1735, 0.33
1736, 0.43
1737, 0.38
1738, 0.16
1739, 0.71
1740, 0.40
1741, 0.49
1742, 0.61
1743, 0.70
1744, 0.18
1745, 0.51
1746, 0.59
1747, 0.23
1748, 0.72
1749, 0.43
1750, 0.50
1751, 0.24
1752, 0.68
1753, 0.36
1754, 0.64
1755, 0.08
1756, 0.58
1757, 0.56
1758, 0.66
1759, 0.35
1760, 0.51
1761, 0.47
1762, 0.39
1763, 0.27
1764, 0.66
1765, 0.38
1766, 0.77
1767, 0.61
1768, 0.59
1769, 0.52
1770, 0.67
1771, 0.33
1772, 0.23
1773, 0.38
1774, 0.53
1775, 0.46
1776, 0.39
1777, 0.40
1778, 0.86
1779, 0.35
1780, 1.03
1781, 0.66
1782, 0.45
1783, 0.54
1784, 0.67
1785, 0.64
1786, 0.40
1787, 0.44
1788, 0.62
1789, 0.12
1790, 0.38
1791, 0.38
1792, 0.45
1793, 0.33
1794, 0.57
1795, 0.39
1796, 0.57
1797, 0.50
1798, 0.61
1799, 0.42
1800, 0.42
1801, 0.39
1802, 0.70
1803, 0.78
1804, 0.10
1805, 0.31
1806, 0.38
1807, 0.39
1808, 0.63
1809, 0.13
1810, 0.52
1811, 0.51
1812, 0.69
1813, 0.08
1814, 0.41
1815, 0.50
1816, 0.38
1817, 0.66
1818, 0.57
1819, 0.36
1820, 0.95
1821, 0.61
1822, 0.35
1823, 0.40
1824, 0.74
1825, 0.56
1826, 0.69
1827, 0.02
1828, 0.42
1829, 0.63
1830, 0.21
1831, 0.42
1832, 0.43
1833, 0.34
1834, 0.33
1835, 0.40
1836, 0.28
1837, 0.64
1838, 0.53
1839, 0.62
1840, 0.39
1841, 0.14
1842, 0.73
1843, 0.42
1844, 0.39
1845, 0.51
1846, 0.46
1847, 0.25
1848, 0.39
1849, 0.59
1850, 0.69
1851, 0.12
1852, 0.44
1853, 0.34
1854, 0.62
1855, 0.39
1856, 0.49
1857, 0.38
1858, 0.53
1859, 0.14
1860, 0.42
1861, 0.23
1862, 0.38
1863, 0.61
1864, 0.35
1865, 0.79
1866, 0.44
1867, 0.80
1868, 0.35
1869, 0.12
1870, 0.38
1871, 0.56
1872, 0.25
1873, 0.37
1874, 0.40
1875, 0.50
1876, 0.52
1877, 0.50
1878, 0.45
1879, 0.38
1880, 0.63
1881, 0.52
1882, 0.36
1883, 0.47
1884, 0.43
1885, 0.38
1886, 0.24
1887, 0.75
1888, 0.54
1889, 0.62
1890, 0.41
1891, 0.66
1892, 0.58
1893, 0.47
1894, 0.61
1895, 0.70
1896, 0.54
1897, 1.25
1898, 0.10
1899, 0.64
1900, 0.39
1901, 0.34
1902, 0.44
1903, 0.92
1904, 0.59
1905, 0.27
1906, 0.14
1907, 0.43
1908, 0.42
1909, 0.40
1910, 0.21
1911, 0.61
1912, 0.38
1913, 0.69
1914, 0.75
1915, 0.07
1916, 0.74
1917, 0.10
1918, 0.67
1919, 0.54
1920, 0.63
1921, 0.18
1922, 0.45
1923, 0.16
1924, 0.10
1925, 0.62
1926, 0.55
1927, 0.59
1928, 0.33
1929, 0.32
1930, 0.42
1931, 0.17
1932, 0.38
1933, 0.66
1934, 0.18
1935, 0.74
1936, 0.62
1937, 0.33
1938, 0.57
1939, 0.43
1940, 0.08
1941, 0.65
1942, 0.69
1943, 0.41
1944, 0.43
1945, 0.46
1946, 0.20
1947, 0.26
1948, 0.45
1949, 0.25
1950, 0.56
1951, 0.44
1952, 0.60
1953, 0.30
1954, 0.71
1955, 0.66
1956, 0.40
1957, 0.12
1958, 0.50
1959, 0.43
1960, 0.60
1961, 0.60
1962, 0.36
1963, 0.23
1964, 0.31
1965, 0.45
1966, 0.45
1967, 0.89
1968, 0.60
1969, 0.62
1970, 0.44
1971, 0.41
1972, 0.11
1973, 0.69
1974, 0.68
1975, 0.62
1976, 0.50
1977, 0.19
1978, 0.71
1979, 0.70
1980, 0.57
1981, 0.13
1982, 0.33
1983, 0.33
1984, 0.23
1985, 0.75
1986, 0.40
1987, 0.53
1988, 0.63
1989, 0.28
1990, 0.49
1991, 0.45
1992, 0.41
1993, 0.37
1994, 0.36
1995, 0.70
1996, 0.47
1997, 0.41
1998, 0.42
1999, 0.59
2000, 0.12
2001, 0.29
2002, 0.60
2003, 0.76
2004, 0.48
2005, 0.65
2006, 0.50
2007, 0.61
2008, 0.36
2009, 0.68
2010, 0.05
2011, 0.20
2012, 0.37
2013, 0.68
2014, 0.37
2015, 0.42
2016, 0.14
2017, 0.10
2018, 0.44
2019, 0.44
2020, 0.39
2021, 0.69
2022, 0.67
2023, 0.62
2024, 0.35
2025, 0.33
2026, 0.48
2027, 0.59
2028, 0.37
2029, 0.43
2030, 0.10
2031, 0.26
2032, 0.44
2033, 0.05
2034, 0.59
2035, 0.34
2036, 0.39
2037, 0.35
2038, 0.33
2039, 0.82
2040, 0.67
2041, 0.35
2042, 0.49
2043, 0.67
2044, 0.64
2045, 0.37
2046, 0.02
2047, 0.34
2048, 0.35
2049, 0.49
2050, 0.42
2051, 0.65
2052, 0.37
2053, 0.37
2054, 0.14
2055, 0.64
2056, 0.38
2057, 0.59
2058, 0.63
2059, 0.69
2060, 0.34
2061, 0.75
2062, 0.29
2063, 0.44
2064, 0.53
2065, 0.25
2066, 0.38
2067, 0.19
2068, 0.14
2069, 0.41
2070, 0.39
2071, 0.57
2072, 0.54
2073, 0.35
2074, 0.95
2075, 0.74
2076, 0.69
2077, 0.08
2078, 0.37
2079, 0.52
2080, 0.32
2081, 0.40
2082, 0.68
2083, 0.32
2084, 0.36
2085, 0.43
2086, 0.92
2087, 0.30
2088, 0.16
2089, 0.53
2090, 0.67
2091, 0.95
2092, 0.45
2093, 0.53
2094, 0.33
2095, 0.64
2096, 0.63
2097, 0.38
2098, 0.46
2099, 0.39
2100, 0.16
2101, 0.66
2102, 0.40
2103, 0.26
2104, 0.50
2105, 0.52
2106, 0.38
2107, 0.25
2108, 0.64
2109, 0.19
2110, 0.38
2111, 0.18
2112, 0.66
2113, 0.69
2114, 0.38
2115, 0.51
2116, 0.53
2117, 0.59
2118, 0.11
2119, 0.34
2120, 0.24
2121, 0.40
2122, 0.08
2123, 0.83
2124, 0.39
2125, 0.39
2126, 0.42
2127, 0.41
2128, 0.70
2129, 0.63
2130, 0.41
2131, 0.65
2132, 0.67
2133, 0.41
2134, 0.14
2135, 0.14
2136, 0.32
2137, 0.38
2138, 0.12
2139, 0.19
2140, 0.56
2141, 0.63
2142, 0.36
2143, 0.40
2144, 0.42
2145, 0.40
2146, 0.36
2147, 0.59
2148, 0.37
2149, 0.05
2150, 0.11
2151, 0.62
2152, 0.62
2153, 0.53
2154, 0.66
2155, 0.40
2156, 0.52
2157, 0.66
2158, 0.62
2159, 0.50
2160, 0.59
2161, 0.20
2162, 0.61
2163, 0.50
2164, 0.81
2165, 0.70
2166, 0.42
2167, 0.63
2168, 0.54
2169, 0.13
2170, 0.77
2171, 0.58
2172, 0.12
2173, 0.47
2174, 0.38
2175, 0.13
2176, 0.66
2177, 0.64
2178, 0.62
2179, 0.56
2180, 0.32
2181, 0.04
2182, 0.59
2183, 0.39
2184, 0.67
2185, 0.39
2186, 0.57
2187, 0.29
2188, 0.07
2189, 0.48
2190, 0.41
2191, 0.45
2192, 0.55
2193, 0.60
2194, 0.60
2195, 0.38
2196, 0.35
2197, 0.58
2198, 0.38
2199, 0.50
2200, 0.38
2201, 0.07
2202, 0.41
2203, 0.60
2204, 0.54
2205, 0.60
2206, 0.93
2207, 0.16
2208, 0.50
2209, 0.38
2210, 0.29
2211, 0.40
2212, 0.64
2213, 0.62
2214, 0.43
2215, 0.35
2216, 0.66
2217, 0.30
2218, 0.74
2219, 0.57
2220, 0.64
2221, 0.64
2222, 0.58
2223, 0.64
2224, 0.61
2225, 0.40
2226, 0.30
2227, 0.45
2228, 0.70
2229, 0.47
2230, 0.43
2231, 0.46
2232, 0.32
2233, 0.53
2234, 0.30
2235, 0.43
2236, 0.10
2237, 0.31
2238, 0.16
2239, 0.62
2240, 0.14
2241, 0.64
2242, 0.18
2243, 0.60
2244, 0.40
2245, 0.61
2246, 0.37
2247, 0.63
2248, 0.67
2249, 0.40
2250, 0.93
2251, 0.53
2252, 0.34
2253, 0.69
2254, 0.08
2255, 0.40
2256, 0.38
2257, 0.69
2258, 0.36
2259, 0.16
2260, 0.49
2261, 1.11
2262, 0.34
2263, 0.32
2264, 0.34
2265, 0.37
2266, 0.49
2267, 0.56
2268, 0.41
2269, 0.45
2270, 0.61
2271, 0.23
2272, 0.28
2273, 0.47
2274, 0.38
2275, 0.19
2276, 0.68
2277, 0.65
2278, 0.36
2279, 0.43
2280, 0.65
2281, 0.67
2282, 0.43
2283, 0.67
2284, 0.46
2285, 0.35
2286, 0.19
2287, 0.43
2288, 0.68
2289, 0.33
2290, 0.42
2291, 0.54
2292, 0.40
2293, 0.16
2294, 0.59
2295, 0.87
2296, 0.40
2297, 0.30
2298, 0.67
2299, 0.77
2300, 0.45
2301, 0.10
2302, 0.39
2303, 0.49
2304, 0.24
2305, 0.75
2306, 0.34
2307, 0.87
2308, 0.53
2309, 0.58
2310, 0.25
2311, 0.41
2312, 0.50
2313, 0.54
2314, 0.45
2315, 0.53
2316, 0.48
2317, 0.39
2318, 0.35
2319, 0.52
2320, 0.36
2321, 0.49
2322, 0.65
2323, 0.45
2324, 0.59
2325, 0.12
2326, 0.38
2327, 0.11
2328, 0.64
2329, 0.09
2330, 0.43
2331, 0.35
2332, 0.62
2333, 0.40
2334, 0.41
2335, 0.12
2336, 0.54
2337, 0.37
2338, 0.70
2339, 0.44
2340, 0.23
2341, 0.62
2342, 0.37
2343, 0.37
2344, 0.12
2345, 0.31
2346, 0.64
2347, 0.75
2348, 0.37
2349, 0.68
2350, 0.40
2351, 0.91
2352, 0.32
2353, 0.67
2354, 0.08
2355, 0.46
2356, 0.38
2357, 0.85
2358, 0.45
2359, 0.89
2360, 0.53
2361, 0.42
2362, 0.40
2363, 0.63
2364, 0.44
2365, 0.66
2366, 0.40
2367, 0.29
2368, 0.63
2369, 0.68
2370, 0.26
2371, 0.67
2372, 0.53
2373, 0.53
2374, 0.39
2375, 0.43
2376, 0.41
2377, 0.33
2378, 0.75
2379, 0.62
2380, 0.36
2381, 0.16
2382, 0.68
2383, 0.54
2384, 0.64
2385, 0.65
2386, 0.73
2387, 0.14
2388, 0.13
2389, 0.53
2390, 0.53
2391, 0.48
2392, 0.77
2393, 0.65
2394, 0.38
2395, 0.42
2396, 0.35
2397, 0.45
2398, 0.09
2399, 0.30
2400, 0.03
2401, 0.64
2402, 0.62
2403, 0.53
2404, 0.55
2405, 0.56
2406, 0.62
2407, 0.61
2408, 0.63
2409, 0.25
2410, 0.37
2411, 0.32
2412, 0.39
2413, 0.67
2414, 0.63
2415, 0.41
2416, 0.37
2417, 0.37
2418, 0.15
2419, 0.37
2420, 0.73
2421, 0.53
2422, 0.18
2423, 0.04
2424, 0.30
2425, 0.67
2426, 0.37
2427, 0.84
2428, 0.67
2429, 0.38
2430, 0.53
2431, 0.38
2432, 0.66
2433, 0.27
2434, 0.20
2435, 0.71
2436, 0.20
2437, 0.49
2438, 0.19
2439, 0.61
2440, 0.43
2441, 0.81
2442, 0.67
2443, 0.72
2444, 0.43
2445, 0.28
2446, 0.61
2447, 0.45
2448, 0.69
2449, 0.27
2450, 0.48
2451, 0.23
2452, 0.55
2453, 0.35
2454, 0.67
2455, 0.64
2456, 0.63
2457, 0.45
2458, 0.21
2459, 0.58
2460, 0.90
2461, 0.25
2462, 0.58
2463, 0.33
2464, 0.38
2465, 0.70
2466, 0.16
2467, 0.68
2468, 0.47
2469, 0.11
2470, 0.63
2471, 0.45
2472, 0.59
2473, 0.45
2474, 0.38
2475, 0.52
2476, 0.58
2477, 0.62
2478, 0.66
2479, 0.61
2480, 0.51
2481, 0.36
2482, 0.43
2483, 0.69
2484, 0.65
2485, 0.17
2486, 0.13
2487, 0.45
2488, 0.14
2489, 0.69
2490, 0.74
2491, 0.20
2492, 0.57
2493, 0.34
2494, 0.10
2495, 0.39
2496, 0.64
2497, 0.20
2498, 0.67
2499, 0.67
2500, 0.60
2501, 0.20
2502, 0.38
2503, 0.38
2504, 0.65
2505, 0.24
2506, 0.12
2507, 0.42
2508, 0.38
2509, 0.93
2510, 0.18
2511, 0.51
2512, 0.41
2513, 0.37
2514, 0.64
2515, 0.50
2516, 0.62
2517, 0.27
2518, 0.44
2519, 0.40
2520, 0.63
2521, 0.49
2522, 0.40
2523, 0.44
2524, 0.39
2525, 0.55
2526, 0.39
2527, 0.43
2528, 0.63
2529, 0.19
2530, 0.64
2531, 0.67
2532, 0.74
2533, 0.20
2534, 0.36
2535, 0.38
2536, 0.23
2537, 0.41
2538, 0.18
2539, 0.54
2540, 0.88
2541, 0.39
2542, 0.45
2543, 0.42
2544, 0.61
2545, 0.10
2546, 0.41
2547, 0.52
2548, 0.40
2549, 0.64
2550, 0.30
2551, 0.49
2552, 0.05
2553, 0.77
2554, 0.19
2555, 0.66
2556, 0.43
2557, 0.34
2558, 0.60
2559, 0.69
2560, 0.12
2561, 0.43
2562, 0.16
2563, 0.41
2564, 0.59
2565, 0.47
2566, 0.29
2567, 0.39
2568, 0.22
2569, 0.17
2570, 0.68
2571, 0.25
2572, 0.41
2573, 0.31
2574, 0.61
2575, 0.62
2576, 0.57
2577, 0.38
2578, 0.42
2579, 0.44
2580, 0.57
2581, 0.36
2582, 0.41
2583, 0.44
2584, 0.63
2585, 0.68
2586, 0.44
2587, 0.37
2588, 0.92
2589, 0.41
2590, 0.27
2591, 0.36
2592, 0.31
2593, 0.92
2594, 0.18
2595, 0.44
2596, 0.43
2597, 0.31
2598, 0.45
2599, 0.36
2600, 0.39
2601, 0.65
2602, 0.43
2603, 0.43
2604, 0.82
2605, 0.74
2606, 0.38
2607, 0.39
2608, 0.13
2609, 0.74
2610, 0.10
2611, 0.23
2612, 0.47
2613, 0.31
2614, 0.60
2615, 0.47
2616, 0.43
2617, 0.59
2618, 0.90
2619, 0.35
2620, 0.39
2621, 0.48
2622, 0.40
2623, 0.17
2624, 0.43
2625, 0.67
2626, 0.43
2627, 0.42
2628, 0.06
2629, 0.44
2630, 0.33
2631, 0.15
2632, 0.67
2633, 0.68
2634, 0.77
2635, 0.59
2636, 0.54
2637, 0.22
2638, 0.38
2639, 0.33
2640, 0.35
2641, 0.40
2642, -0.02
2643, 0.30
2644, 0.15
2645, 0.19
2646, 0.87
2647, 0.44
2648, 0.33
2649, 0.18
2650, 0.66
2651, 0.37
2652, 0.38
2653, 0.30
2654, 0.12
2655, 0.37
2656, 0.64
2657, 0.42
2658, 0.06
2659, 0.30
2660, 0.45
2661, 0.28
2662, 0.09
2663, 0.68
2664, 0.36
2665, 0.40
2666, 0.39
2667, 0.40
2668, 0.43
2669, 0.16
2670, 0.23
2671, 0.48
2672, 0.82
2673, 0.42
2674, 0.55
2675, 0.26
2676, 0.54
2677, 0.37
2678, 0.48
2679, 0.35
2680, 0.69
2681, 0.43
2682, 0.15
2683, 0.42
2684, 0.39
2685, 0.51
2686, 0.37
2687, 0.23
2688, 0.35
2689, 0.43
2690, 0.21
2691, 0.75
2692, 0.34
2693, 0.64
2694, 0.35
2695, 0.23
2696, 0.62
2697, 0.43
2698, 0.62
2699, 0.34
2700, 0.66
2701, 0.10
2702, 0.25
2703, 0.31
2704, 0.73
2705, 0.65
2706, 0.18
2707, 0.32
2708, 0.12
2709, 0.32
2710, 0.63
2711, 0.79
2712, 0.38
2713, 0.47
2714, 0.94
2715, 0.41
2716, 0.59
2717, 0.38
2718, 0.44
2719, 0.18
2720, 0.76
2721, 0.55
2722, 0.71
2723, 0.53
2724, 0.06
2725, 0.60
2726, 0.58
2727, 0.07
2728, 0.38
2729, 0.68
2730, 0.60
2731, 0.45
2732, 0.41
2733, 0.64
2734, 0.54
2735, 0.43
2736, 0.34
2737, 0.15
2738, 0.64
2739, 0.39
2740, 0.59
2741, 0.35
2742, 0.15
2743, 0.42
2744, 0.70
2745, 0.37
2746, 0.39
2747, 0.34
2748, 0.43
2749, 0.92
2750, 0.75
2751, 0.28
2752, 0.37
2753, 0.39
2754, 0.40
2755, 0.43
2756, 0.11
2757, 0.45
2758, 0.41
2759, 0.39
2760, 0.44
2761, 0.68
2762, 0.16
2763, 0.63
2764, 0.38
2765, 0.45
2766, 0.15
2767, 0.52
2768, 0.57
2769, 0.17
2770, 1.15
2771, 0.63
2772, 0.45
2773, 0.66
2774, 0.19
2775, 0.61
2776, 0.40
2777, 0.68
2778, 0.64
2779, 0.55
2780, 0.29
2781, 0.54
2782, 0.11
2783, 0.18
2784, 0.66
2785, 0.32
2786, 0.27
2787, 0.12
2788, 0.51
2789, 0.41
2790, 0.43
2791, 0.37
2792, 0.25
2793, 0.46
2794, 0.66
2795, 0.42
2796, 0.80
2797, 0.63
2798, 0.40
2799, 0.54
2800, 0.83
2801, 0.38
2802, 0.32
2803, 0.32
2804, 0.16
2805, 0.48
2806, 0.64
2807, 0.38
2808, 0.36
2809, 0.39
2810, 0.56
2811, 0.32
2812, 0.18
2813, 0.38
2814, 0.57
2815, 0.42
2816, 0.49
2817, 0.29
2818, 0.10
2819, 0.62
2820, 0.36
2821, 0.18
2822, 0.66
2823, 0.52
2824, 0.45
2825, 0.66
2826, 0.41
2827, 0.59
2828, 0.64
2829, 0.16
2830, 0.45
2831, 0.46
2832, 0.67
2833, 0.58
2834, 0.38
2835, 0.39
2836, 0.93
2837, 0.90
2838, 0.15
2839, 0.53
2840, 0.49
2841, 0.10
2842, 0.51
2843, 0.23
2844, 0.48
2845, 0.34
2846, 0.39
2847, 0.64
2848, 0.36
2849, 0.37
2850, 0.12
2851, 0.97
2852, 0.07
2853, 0.28
2854, 0.11
2855, 0.12
2856, 0.34
2857, 0.38
2858, 0.40
2859, 0.41
2860, 0.71
2861, 0.14
2862, 0.32
2863, 0.16
2864, 0.36
2865, 0.44
2866, 0.61
2867, 0.38
2868, 0.09
2869, 0.35
2870, 0.25
2871, 0.43
2872, 0.62
2873, 0.38
2874, 0.19
2875, 0.67
2876, 0.63
2877, 0.39
2878, 0.44
2879, 0.40
2880, 0.66
2881, 0.18
2882, 0.42
2883, 0.70
2884, 0.47
2885, 0.12
2886, 0.33
2887, 0.49
2888, 0.37
2889, 0.39
2890, 0.41
2891, 0.16
2892, 0.32
2893, 0.23
2894, 0.12
2895, 0.59
2896, 0.19
2897, 0.38
2898, 0.64
2899, 0.31
2900, 0.28
2901, 0.40
2902, 0.64
2903, 0.15
2904, 0.40
2905, 0.37
2906, 0.17
2907, 0.74
2908, 0.33
2909, 0.40
2910, 0.41
2911, 0.36
2912, 0.40
2913, 0.37
2914, 0.70
2915, 0.32
2916, 0.38
2917, 0.36
2918, 0.57
2919, 0.45
2920, 0.82
2921, 0.30
2922, 0.62
2923, 0.41
2924, 0.43
2925, 0.28
2926, 0.37
2927, 0.16
2928, 0.14
2929, 0.68
2930, 0.26
2931, 0.69
2932, 0.79
2933, 0.48
2934, 0.79
2935, 0.43
2936, 0.41
2937, 0.60
2938, 0.61
2939, 0.11
2940, 0.64
2941, 0.40
2942, 0.38
2943, 0.12
2944, 0.36
2945, 0.39
2946, 0.68
2947, 0.30
2948, 0.23
2949, 0.15
2950, 0.43
2951, 0.22
2952, 0.54
2953, 0.62
2954, 0.40
2955, 0.13
2956, 0.43
2957, 0.33
2958, 0.49
2959, 0.38
2960, 0.70
2961, 0.10
2962, 0.23
2963, 0.53
2964, 0.67
2965, 0.62
2966, 0.12
2967, 0.52
2968, 0.64
2969, 0.13
2970, 0.38
2971, 0.36
2972, 0.13
2973, 0.48
2974, 0.46
2975, 0.41
2976, 0.67
2977, 0.89
2978, 0.12
2979, 0.60
2980, 0.47
2981, 0.54
2982, 0.33
2983, 0.62
2984, 0.19
2985, 0.58
2986, 0.77
2987, 0.75
2988, 0.37
2989, 0.38
2990, 0.43
2991, 0.76
2992, 0.63
2993, 0.48
2994, 0.35
2995, 0.37
2996, 0.67
2997, 0.44
2998, 0.39
2999, 0.83
3000, 0.37
3001, 0.12
3002, 0.33
3003, 0.37
3004, 0.44
3005, 0.62
3006, 0.32
3007, 0.66
3008, 0.66
3009, 0.35
3010, 0.43
3011, 0.52
3012, 0.60
3013, 0.15
3014, 0.42
3015, 0.59
3016, 0.11
3017, 0.34
3018, 0.49
3019, 0.77
3020, 0.70
3021, 0.73
3022, 0.32
3023, 0.44
3024, 0.44
3025, 0.51
3026, 0.48
3027, 0.69
3028, 0.33
3029, 0.37
3030, 0.18
3031, 0.38
3032, 0.46
3033, 0.74
3034, 0.30
3035, 0.64
3036, 0.41
3037, 0.68
3038, 0.68
3039, 0.43
3040, 0.46
3041, 0.71
3042, 0.16
3043, 0.63
3044, 0.35
3045, 0.33
3046, 0.69
3047, 0.46
3048, 0.50
3049, 0.15
3050, 0.60
3051, 0.36
3052, 0.62
3053, 0.37
3054, 0.40
3055, 0.16
3056, 0.24
3057, 0.41
3058, 0.67
3059, 0.32
3060, 0.62
3061, 0.62
3062, 0.37
3063, 0.35
3064, 0.43
3065, 0.46
3066, 0.45
3067, 0.31
3068, 0.68
3069, 0.43
3070, 0.44
3071, 0.64
3072, 0.12
3073, 0.14
3074, 0.44
3075, 0.21
3076, 0.77
3077, 0.54
3078, 0.33
3079, 0.54
3080, 0.70
3081, 0.25
3082, 0.19
3083, 0.16
3084, 0.28
3085, 0.51
3086, 0.57
3087, 0.12
3088, 0.55
3089, 0.90
3090, 0.40
3091, 0.33
3092, 0.43
3093, 0.43
3094, 0.37
3095, 0.17
3096, 0.10
3097, 0.18
3098, 0.27
3099, 0.69
3100, 0.72
3101, 0.88
3102, 0.63
3103, 0.64
3104, 0.49
3105, 0.32
3106, 0.41
3107, 0.37
3108, 0.69
3109, 0.43
3110, 0.64
3111, 0.43
3112, 0.67
3113, 0.52
3114, 0.52
3115, 0.68
3116, 0.67
3117, 0.39
3118, 0.21
3119, 0.77
3120, 0.23
3121, 0.65
3122, 0.77
3123, 0.41
3124, 1.09
3125, 0.38
3126, 0.54
3127, 0.47
3128, 0.34
3129, 0.64
3130, 0.63
3131, 0.40
3132, 0.66
3133, 0.18
3134, 0.65
3135, 0.55
3136, 0.39
3137, 0.39
3138, 0.31
3139, 0.68
3140, 0.75
3141, 0.68
3142, 0.39
3143, 0.32
3144, 0.19
3145, 0.30
3146, 0.56
3147, 0.54
3148, 0.62
3149, 0.58
3150, 0.42
3151, 0.50
3152, 0.80
3153, 0.39
3154, 0.41
3155, 0.19
3156, 0.10
3157, 0.23
3158, 0.13
3159, 0.49
3160, 0.37
3161, 0.10
3162, 0.50
3163, 0.40
3164, 0.41
3165, 0.18
3166, 0.49
3167, 0.38
3168, 0.20
3169, 0.20
3170, 0.70
3171, 0.64
3172, 0.49
3173, 0.91
3174, 0.35
3175, 0.95
3176, 0.64
3177, 0.14
3178, 0.64
3179, 0.45
3180, 0.38
3181, 0.06
3182, 0.46
3183, 0.49
3184, 0.36
3185, 0.53
3186, 0.38
3187, 0.49
3188, 0.40
3189, 0.38
3190, 0.12
3191, 0.26
3192, 0.53
3193, 0.21
3194, 0.63
3195, 0.48
3196, 0.67
3197, 0.85
3198, 0.79
3199, 0.57
3200, 0.75
3201, 0.57
3202, 0.52
3203, 0.40
3204, 0.94
3205, 0.36
3206, 0.16
3207, 0.64
3208, 0.54
3209, 0.28
3210, 0.52
3211, 0.37
3212, 0.33
3213, 0.34
3214, 0.68
3215, 0.65
3216, 0.89
3217, 0.58
3218, 0.46
3219, 0.47
3220, 0.44
3221, 0.40
3222, 0.35
3223, 0.70
3224, 0.52
3225, 0.33
3226, 0.37
3227, 0.38
3228, 0.83
3229, 0.17
3230, 0.69
3231, 0.42
3232, 0.46
3233, 0.67
3234, 0.43
3235, 0.38
3236, 0.46
3237, 0.45
3238, 0.16
3239, 0.50
3240, 0.80
3241, 0.60
3242, 0.09
3243, 0.40
3244, 0.64
3245, 0.65
3246, 0.16
3247, 0.74
3248, 0.40
3249, 0.59
3250, 0.71
3251, 0.72
3252, 0.11
3253, 0.49
3254, 0.15
3255, 0.76
3256, 0.62
3257, 0.60
3258, 0.59
3259, 0.36
3260, 0.60
3261, 0.38
3262, 0.45
3263, 0.40
3264, 0.64
3265, 0.13
3266, 0.15
3267, 0.30
3268, 0.65
3269, 0.17
3270, 0.60
3271, 0.50
3272, 0.83
3273, 0.26
3274, 0.37
3275, 0.68
3276, 0.52
3277, 0.54
3278, 0.77
3279, 0.34
3280, 0.41
3281, 0.52
3282, 0.49
3283, 0.56
3284, 0.38
3285, 0.72
3286, 0.05
3287, 0.48
3288, 0.14
3289, 0.64
3290, 0.70
3291, 0.47
3292, 0.79
3293, 0.14
3294, 0.70
3295, 0.41
3296, 0.20
3297, 0.33
3298, 0.67
3299, 0.56
3300, 0.64
3301, 0.46
3302, 0.70
3303, 0.49
3304, 0.67
3305, 0.64
3306, 0.07
3307, 0.49
3308, 0.53
3309, 0.04
3310, 0.15
3311, 0.67
3312, 0.37
3313, 0.45
3314, 0.58
3315, 0.38
3316, 0.38
3317, 0.54
3318, 0.44
3319, 0.59
3320, 0.66
3321, 0.26
3322, 0.85
3323, 0.49
3324, 0.32
3325, 0.07
3326, 0.72
3327, 0.38
3328, 0.39
3329, 0.43
3330, 0.63
3331, 0.65
3332, 0.22
3333, 0.08
3334, 0.65
3335, 0.26
3336, 0.42
3337, 0.35
3338, 0.40
3339, 0.68
3340, 0.37
3341, 0.51
3342, 0.81
3343, 0.28
3344, 0.65
3345, 0.35
3346, 0.68
3347, 0.64
3348, 0.69
3349, 0.57
3350, 0.36
3351, 0.38
3352, 0.38
3353, 0.36
3354, 0.70
3355, 0.43
3356, 0.58
3357, 0.04
3358, 0.15
3359, 0.74
3360, 0.37
3361, 0.05
3362, 0.86
3363, 0.40
3364, 0.14
3365, 0.44
3366, 0.65
3367, 0.42
3368, 0.14
3369, 0.66
3370, 0.44
3371, 0.06
3372, 0.53
3373, 0.59
3374, 0.38
3375, 0.06
3376, 0.11
3377, 0.19
3378, 0.35
3379, 0.28
3380, 0.57
3381, 0.56
3382, 0.35
3383, 0.48
3384, 0.38
3385, 0.47
3386, 0.51
3387, 0.54
3388, 0.14
3389, 0.53
3390, 0.34
3391, 0.69
3392, 0.68
3393, 0.40
3394, 0.38
3395, 0.46
3396, 0.43
3397, 0.13
3398, 0.76
3399, 0.16
3400, 1.20
3401, 0.41
3402, 0.12
3403, 0.59
3404, 0.51
3405, 0.54
3406, 0.53
3407, 0.39
3408, 0.47
3409, 0.40
3410, 0.71
3411, 0.41
3412, 0.40
3413, 0.46
3414, 0.42
3415, 0.28
3416, 0.43
3417, 0.52
3418, 0.28
3419, 0.14
3420, 0.20
3421, 0.15
3422, 0.45
3423, 0.41
3424, 0.40
3425, 0.38
3426, 0.40
3427, 0.74
3428, 0.51
3429, 0.37
3430, 0.64
3431, 0.68
3432, 0.32
3433, 0.69
3434, 0.35
3435, 0.44
3436, 0.71
3437, 0.64
3438, 0.65
3439, 0.30
3440, 0.32
3441, 0.69
3442, 0.10
3443, 0.11
3444, 0.15
3445, 0.67
3446, 0.62
3447, 0.10
3448, 0.54
3449, 0.33
3450, 0.16
3451, 0.15
3452, 0.38
3453, 0.54
3454, 0.43
3455, 0.25
3456, 0.46
3457, 0.25
3458, 0.57
3459, 0.51
3460, 0.52
3461, 0.32
3462, 0.39
3463, 0.47
3464, 0.29
3465, 0.44
3466, 0.46
3467, 0.06
3468, 0.19
3469, 0.41
3470, 0.15
3471, 0.40
3472, 0.68
3473, 0.19
3474, 0.46
3475, 0.16
3476, 0.61
3477, 0.40
3478, 0.35
3479, 0.13
3480, 0.99
3481, 0.53
3482, 0.35
3483, 0.64
3484, 0.41
3485, 0.45
3486, 0.13
3487, 0.42
3488, 0.45
3489, 0.21
3490, 0.10
3491, 0.53
3492, 0.38
3493, 0.67
3494, 0.37
3495, 0.45
3496, 0.33
3497, 0.63
3498, 0.43
3499, 0.77
3500, 0.67
3501, 0.54
3502, 0.70
3503, 0.65
3504, 0.11
3505, 0.13
3506, 0.38
3507, 0.12
3508, 0.66
3509, 0.54
3510, 0.33
3511, 0.67
3512, 0.93
3513, 0.69
3514, 0.40
3515, 0.33
3516, 0.42
3517, 0.64
3518, 0.30
3519, 0.32
3520, 0.39
3521, 0.41
3522, 0.68
3523, 0.45
3524, 0.22
3525, 0.68
3526, 0.12
3527, 0.44
3528, 0.76
3529, 0.49
3530, 0.48
3531, 0.14
3532, 0.40
3533, 0.38
3534, 0.41
3535, 0.37
3536, 0.07
3537, 0.79
3538, 0.36
3539, 0.39
3540, 0.78
3541, 0.51
3542, 0.38
3543, 0.66
3544, 0.35
3545, 0.66
3546, 0.36
3547, 0.18
3548, 0.41
3549, 0.38
3550, 0.22
3551, 0.68
3552, 0.66
3553, 0.35
3554, 0.14
3555, 0.68
3556, 0.50
3557, 0.42
3558, 0.69
3559, 0.43
3560, 0.74
3561, 0.63
3562, 0.38
3563, 0.30
3564, 0.85
3565, 0.95
3566, 0.64
3567, 0.01
3568, 0.37
3569, 0.36
3570, 0.61
3571, 0.52
3572, 0.64
3573, 0.18
3574, 0.43
3575, 0.69
3576, 0.48
3577, 0.69
3578, 0.38
3579, 0.42
3580, 0.74
3581, 0.67
3582, 0.38
3583, 0.14
3584, 0.76
3585, 0.65
3586, 0.22
3587, 0.27
3588, 0.65
3589, 0.46
3590, 0.15
3591, 0.07
3592, 0.47
3593, 0.57
3594, 0.38
3595, 0.41
3596, 0.40
3597, 0.25
3598, 0.59
3599, 0.43
3600, 0.59
3601, 0.11
3602, 0.39
3603, 0.35
3604, 0.61
3605, 0.45
3606, 0.55
3607, 0.19
3608, 0.39
3609, 0.69
3610, 0.29
3611, 0.38
3612, 0.40
3613, 0.16
3614, 0.69
3615, 0.33
3616, 0.72
3617, 0.49
3618, 0.58
3619, 0.47
3620, 0.32
3621, 0.42
3622, 0.65
3623, 0.72
3624, 0.20
3625, 0.31
3626, 0.65
3627, 0.64
3628, 0.40
3629, 0.42
3630, 0.37
3631, 0.49
3632, 0.62
3633, 0.66
3634, 0.09
3635, 0.34
3636, 0.10
3637, 0.22
3638, 0.43
3639, 0.57
3640, 0.17
3641, 0.15
3642, 0.63
3643, 0.63
3644, 0.61
3645, 0.32
3646, 0.38
3647, 0.52
3648, 0.62
3649, 0.69
3650, 0.61
3651, 0.68
3652, 0.70
3653, 0.51
3654, 0.34
3655, 0.63
3656, 0.29
3657, 0.64
3658, 0.55
3659, 0.20
3660, 0.21
3661, 0.47
3662, 0.45
3663, 0.68
3664, 0.68
3665, 0.92
3666, 0.30
3667, 0.69
3668, 0.60
3669, 0.50
3670, 0.41
3671, 0.62
3672, 0.31
3673, 0.46
3674, 0.41
3675, 0.45
3676, 0.38
3677, 0.36
3678, 0.41
3679, 0.41
3680, 0.11
3681, 0.63
3682, 0.38
3683, 0.27
3684, 0.41
3685, 0.26
3686, 0.31
3687, 0.35
3688, 0.67
3689, 0.38
3690, 0.25
3691, 0.14
3692, 0.54
3693, 0.14
3694, 0.17
3695, 0.34
3696, 0.41
3697, 0.50
3698, 0.47
3699, 0.63
3700, 0.52
3701, 0.48
3702, 0.45
3703, 0.41
3704, 0.62
3705, 0.25
3706, 0.62
3707, 0.60
3708, 0.36
3709, 0.73
3710, 0.63
3711, 0.46
3712, 0.39
3713, 0.94
3714, 0.79
3715, 0.37
3716, 0.43
3717, 0.64
3718, 0.66
3719, 0.34
3720, 0.62
3721, 0.66
3722, 0.48
3723, 0.45
3724, 0.39
3725, 0.48
3726, 0.39
3727, 0.35
3728, 0.62
3729, 0.70
3730, 0.45
3731, 0.28
3732, 0.67
3733, 0.33
3734, 0.67
3735, 0.63
3736, 0.68
3737, 0.70
3738, 0.53
3739, 0.65
3740, 0.27
3741, 0.43
3742, 0.10
3743, 0.47
3744, 0.67
3745, 0.92
3746, 0.67
3747, 0.42
3748, 0.53
3749, 0.35
3750, 0.00
3751, 0.28
3752, 0.50
3753, 0.49
3754, 0.48
3755, 0.69
3756, 0.49
3757, 0.46
3758, 0.33
3759, 0.80
3760, 0.39
3761, 0.34
3762, 0.91
3763, 0.20
3764, 0.39
3765, 0.65
3766, 0.32
3767, 0.45
3768, 0.14
3769, 0.33
3770, 0.43
3771, 0.64
3772, 0.43
3773, 0.52
3774, 0.70
3775, 0.62
3776, 0.67
3777, 0.17
3778, 0.69
3779, 0.69
3780, 0.41
3781, 0.43
3782, 0.55
3783, 0.76
3784, 0.45
3785, 0.97
3786, 0.36
3787, 0.77
3788, 0.23
3789, 0.32
3790, 0.07
3791, 0.36
3792, 0.60
3793, 0.79
3794, 0.38
3795, 0.58
3796, 0.52
3797, 0.41
3798, 0.85
3799, 0.07
3800, 0.58
3801, 0.34
3802, 0.66
3803, 0.64
3804, 0.18
3805, 0.38
3806, 0.45
3807, 0.44
3808, 0.69
3809, 0.50
3810, 0.65
3811, 0.19
3812, 0.38
3813, 0.79
3814, 0.44
3815, 0.60
3816, 0.48
3817, 0.20
3818, 0.24
3819, 0.07
3820, 0.12
3821, 0.65
3822, 0.33
3823, 0.66
3824, 0.11
3825, 0.37
3826, 0.43
3827, 0.33
3828, 0.77
3829, 0.40
3830, 0.34
3831, 0.64
3832, 0.43
3833, 0.70
3834, 0.44
3835, 0.30
3836, 0.74
3837, 0.45
3838, 0.34
3839, 0.20
3840, 0.46
3841, 1.10
3842, 0.96
3843, 0.16
3844, 0.16
3845, 0.38
3846, 0.29
3847, 0.20
3848, 0.19
3849, 0.33
3850, 0.15
3851, 0.39
3852, 0.56
3853, 0.75
3854, 0.01
3855, 0.84
3856, 0.75
3857, 0.61
3858, 0.38
3859, 0.53
3860, 0.51
3861, 0.35
3862, 0.38
3863, 0.10
3864, 0.41
3865, 0.28
3866, 0.48
3867, 0.74
3868, 0.38
3869, 0.67
3870, 0.43
3871, 0.32
3872, 0.40
3873, 0.08
3874, 0.66
3875, 0.41
3876, 0.47
3877, 0.48
3878, 0.60
3879, 0.53
3880, 0.36
3881, 0.59
3882, 0.66
3883, 0.67
3884, 0.32
3885, 0.12
3886, 0.26
3887, 0.36
3888, 0.49
3889, 0.66
3890, 0.66
3891, 0.73
3892, 0.34
3893, 0.93
3894, 0.35
3895, 0.35
3896, 0.29
3897, 0.66
3898, 0.42
3899, 0.70
3900, 0.41
3901, 0.45
3902, 0.21
3903, 0.11
3904, 0.91
3905, 0.82
3906, 0.41
3907, 0.41
3908, 0.54
3909, 0.69
3910, 0.72
3911, 0.35
3912, 0.19
3913, 0.65
3914, 0.70
3915, 0.38
3916, 0.30
3917, 0.05
3918, 0.41
3919, 0.34
3920, 0.74
3921, 0.16
3922, 0.24
3923, 0.62
3924, 0.38
3925, 0.66
3926, 0.33
3927, 0.28
3928, 0.54
3929, 0.64
3930, 0.38
3931, 0.61
3932, 0.19
3933, 1.19
3934, 0.14
3935, 0.45
3936, 0.44
3937, 0.08
3938, 0.07
3939, 0.69
3940, 0.59
3941, 0.45
3942, 0.38
3943, 0.14
3944, 0.37
3945, 0.38
3946, 0.40
3947, 0.66
3948, 0.57
3949, 0.49
3950, 0.73
3951, 0.45
3952, 0.25
3953, 0.68
3954, 0.19
3955, 0.38
3956, 0.54
3957, 0.62
3958, 0.35
3959, 0.60
3960, 0.64
3961, 0.69
3962, 0.63
3963, 0.19
3964, 0.64
3965, 0.49
3966, 0.37
3967, 0.69
3968, 0.35
3969, 0.66
3970, 0.53
3971, 0.56
3972, 0.38
3973, 0.82
3974, 0.68
3975, 0.57
3976, 0.72
3977, 0.50
3978, 0.20
3979, 0.69
3980, 0.36
3981, 0.32
3982, 0.07
3983, 0.64
3984, 0.50
3985, 0.45
3986, 0.16
3987, 0.82
3988, 0.40
3989, 0.48
3990, 0.33
3991, 0.69
3992, 0.72
3993, 0.42
3994, 0.48
3995, 0.41
3996, 0.33
3997, 0.71
3998, 0.44
3999, 0.39
4000, 0.70
4001, 0.37
4002, 0.38
4003, 0.66
4004, 0.46
4005, 0.70
4006, 0.31
4007, 0.13
4008, 0.10
4009, 0.47
4010, 0.53
4011, 0.60
4012, 0.15
4013, 0.33
4014, 0.38
4015, 0.27
4016, 0.17
4017, 0.56
4018, 0.54
4019, 0.45
4020, 0.41
4021, 0.20
4022, 0.45
4023, 0.38
4024, 0.59
4025, 0.38
4026, 0.66
4027, 0.74
4028, 0.63
4029, 0.37
4030, 0.06
4031, 0.66
4032, 0.69
4033, 0.38
4034, 0.60
4035, 0.41
4036, 0.43
4037, 0.39
4038, 0.41
4039, 0.43
4040, 0.49
4041, 0.22
4042, -0.02
4043, 0.12
4044, 0.69
4045, 0.48
4046, 0.10
4047, 0.37
4048, 0.51
4049, 0.49
4050, 0.33
4051, 0.68
4052, 0.62
4053, 0.43
4054, 0.67
4055, 0.65
4056, 0.63
4057, 0.18
4058, 0.82
4059, 0.37
4060, 0.46
4061, 0.36
4062, 0.35
4063, 0.43
4064, 0.47
4065, 0.66
4066, 0.42
4067, 0.73
4068, 0.37
4069, 0.36
4070, 0.11
4071, 0.64
4072, 0.41
4073, 0.34
4074, 0.12
4075, 0.30
4076, 0.37
4077, 0.23
4078, 0.38
4079, 0.44
4080, 0.66
4081, 0.49
4082, 0.44
4083, 0.40
4084, 0.68
4085, 0.14
4086, 0.60
4087, 0.43
4088, 0.36
4089, 0.23
4090, 0.39
4091, 0.15
4092, 0.19
4093, 0.16
4094, 0.43
4095, 0.19
4096, 0.47
4097, 0.66
4098, 0.80
4099, 0.35
4100, 0.75
4101, 0.40
4102, 0.66
4103, 0.65
4104, 0.37
4105, 0.48
4106, 0.54
4107, 0.14
4108, 0.61
4109, 0.57
4110, 0.09
4111, 0.63
4112, 0.64
4113, 0.06
4114, 0.69
4115, 1.02
4116, 0.17
4117, 0.50
4118, 0.46
4119, 0.73
4120, 0.18
4121, 0.42
4122, 0.63
4123, 0.42
4124, 0.67
4125, 0.59
4126, 0.28
4127, 0.33
4128, 0.52
4129, 0.23
4130, 0.53
4131, 0.42
4132, 0.41
4133, 0.71
4134, 0.69
4135, 0.37
4136, 0.62
4137, 0.40
4138, 0.63
4139, 0.10
4140, 0.05
4141, 0.64
4142, 0.64
4143, 0.59
4144, 0.31
4145, 0.92
4146, 0.41
4147, 0.43
4148, 0.38
4149, 0.38
4150, 0.31
4151, 0.28
4152, 0.49
4153, 0.37
4154, 0.66
4155, 0.32
4156, 0.32
4157, 0.42
4158, 0.47
4159, 0.31
4160, 0.38
4161, 0.37
4162, 0.88
4163, 0.66
4164, 0.64
4165, 0.07
4166, 0.45
4167, 0.44
4168, 0.21
4169, 0.07
4170, 0.69
4171, 0.39
4172, 0.16
4173, 0.09
4174, 0.43
4175, 0.44
4176, 0.41
4177, 0.90
4178, 0.44
4179, 0.42
4180, 0.74
4181, 0.24
4182, 0.41
4183, 0.45
4184, 0.15
4185, 0.32
4186, 0.67
4187, 0.67
4188, 0.64
4189, 0.62
4190, 0.15
4191, 0.41
4192, 0.30
4193, 0.34
4194, 0.46
4195, 0.87
4196, 0.64
4197, 0.28
4198, 0.63
4199, 0.60
4200, 0.43
4201, 0.81
4202, 0.39
4203, 0.78
4204, 0.37
4205, 0.42
4206, 0.67
4207, 0.63
4208, 0.44
4209, 0.31
4210, 0.40
4211, 0.55
4212, 0.61
4213, 0.41
4214, 0.24
4215, 0.74
4216, 0.18
4217, 0.59
4218, 0.44
4219, 0.60
4220, 0.45
4221, 0.69
4222, 0.43
4223, 0.22
4224, 0.20
4225, 0.24
4226, 0.43
4227, 0.39
4228, 0.42
4229, 0.41
4230, 0.81
4231, 0.69
4232, 0.64
4233, 0.03
4234, 0.37
4235, 0.53
4236, 0.32
4237, 0.11
4238, 0.70
4239, 0.34
4240, 0.10
4241, 0.36
4242, 0.46
4243, 0.38
4244, 0.70
4245, 0.37
4246, 0.24
4247, 0.94
4248, 0.36
4249, 0.77
4250, 0.64
4251, 0.44
4252, 0.14
4253, 0.60
4254, 0.39
4255, 0.46
4256, 0.46
4257, 0.44
4258, 0.69
4259, 0.46
4260, 0.42
4261, 0.39
4262, 0.47
4263, 0.41
4264, 0.37
4265, 0.49
4266, 0.65
4267, 0.23
4268, 0.15
4269, 0.45
4270, 0.23
4271, 0.59
4272, 0.10
4273, 0.48
4274, 0.60
4275, 0.31
4276, 0.61
4277, 0.61
4278, 0.81
4279, 0.40
4280, 0.33
4281, 0.50
4282, 0.54
4283, 0.69
4284, 0.71
4285, 0.52
4286, 0.36
4287, 0.54
4288, 0.31
4289, 0.17
4290, 0.65
4291, 0.49
4292, 0.46
4293, 0.31
4294, 0.20
4295, 0.28
4296, 0.48
4297, 0.12
4298, 0.34
4299, 0.63
4300, 0.43
4301, 0.19
4302, 0.65
4303, 0.17
4304, 0.31
4305, 0.43
4306, 0.60
4307, 0.74
4308, 0.38
4309, 0.20
4310, 0.44
4311, 0.28
4312, 0.82
4313, 0.69
4314, 0.70
4315, 0.37
4316, 0.74
4317, 0.42
4318, 0.44
4319, 0.38
4320, 0.53
4321, 0.64
4322, 0.41
4323, 0.66
4324, 0.37
4325, 0.62
4326, 0.43
4327, 0.18
4328, 0.59
4329, 0.44
4330, 0.58
4331, 0.33
4332, 0.66
4333, 0.63
4334, 0.62
4335, 0.06
4336, 0.50
4337, 0.18
4338, 0.13
4339, 0.28
4340, 0.43
4341, 1.15
4342, 0.74
4343, 0.38
4344, 0.54
4345, 0.70
4346, 0.44
4347, 0.70
4348, 0.38
4349, 0.30
4350, 0.63
4351, 0.67
4352, 0.44
4353, 0.42
4354, 0.12
4355, 0.40
4356, 0.23
4357, 0.63
4358, 0.26
4359, 0.45
4360, 0.65
4361, 0.66
4362, 0.45
4363, 0.27
4364, 0.08
4365, 0.38
4366, 0.41
4367, 0.51
4368, 0.75
4369, 0.37
4370, 0.14
4371, 0.64
4372, 0.83
4373, 0.40
4374, 0.82
4375, 0.74
4376, 0.41
4377, 0.90
4378, 0.45
4379, 0.41
4380, 0.68
4381, 0.40
4382, 0.07
4383, 0.77
4384, 0.18
4385, 0.69
4386, 0.43
4387, 0.58
4388, 0.43
4389, 0.23
4390, 0.39
4391, 0.12
4392, 0.15
4393, 0.38
4394, 0.54
4395, 0.33
4396, 0.38
4397, 0.73
4398, 0.77
4399, 0.73
4400, 0.65
4401, 0.64
4402, 0.30
4403, 0.24
4404, 0.46
4405, 0.19
4406, 0.11
4407, 0.80
4408, 0.19
4409, 0.42
4410, 0.40
4411, 0.40
4412, 0.56
4413, 0.29
4414, 0.38
4415, 0.52
4416, 0.45
4417, 0.76
4418, 0.30
4419, 0.38
4420, 0.53
4421, 0.39
4422, 0.23
4423, 0.67
4424, 0.60
4425, 0.14
4426, 0.28
4427, 0.47
4428, 0.74
4429, 0.40
4430, 0.08
4431, 0.40
4432, 0.75
4433, 0.35
4434, 0.67
4435, 0.69
4436, 0.67
4437, 0.37
4438, 0.47
4439, 0.52
4440, 0.66
4441, 0.15
4442, 0.16
4443, 0.47
4444, 0.28
4445, 0.35
4446, 0.25
4447, 0.49
4448, 0.67
4449, 0.73
4450, 0.21
4451, 0.08
4452, 0.24
4453, 0.78
4454, 0.29
4455, 0.36
4456, 0.77
4457, 0.39
4458, 0.51
4459, 0.74
4460, 0.38
4461, 0.84
4462, 0.13
4463, 0.36
4464, 0.51
4465, 0.38
4466, 0.64
4467, 0.30
4468, 0.43
4469, 0.15
4470, 0.27
4471, 0.61
4472, 0.06
4473, 0.20
4474, 0.23
4475, 0.40
4476, 0.32
4477, 0.60
4478, 0.64
4479, 0.69
4480, 0.53
4481, 0.67
4482, 0.43
4483, 0.16
4484, 0.68
4485, 0.16
4486, 0.67
4487, 0.36
4488, 0.46
4489, 0.43
4490, 0.28
4491, 0.30
4492, 0.20
4493, 0.14
4494, 0.69
4495, 0.29
4496, 0.37
4497, 0.60
4498, 0.35
4499, 0.39
4500, 0.38
4501, 0.63
4502, 0.63
4503, 0.35
4504, 0.34
4505, 0.27
4506, 0.07
4507, 0.62
4508, 0.73
4509, 0.62
4510, 0.41
4511, 0.41
4512, 0.62
4513, 0.49
4514, 0.38
4515, 0.61
4516, 0.63
4517, 0.50
4518, 0.40
4519, 0.40
4520, 0.64
4521, 0.62
4522, 0.38
4523, 0.38
4524, 0.58
4525, 0.39
4526, 0.68
4527, 0.15
4528, 0.60
4529, 0.60
4530, 0.50
4531, 0.35
4532, 0.54
4533, 0.41
4534, 0.85
4535, 0.39
4536, 0.93
4537, 0.15
4538, 0.28
4539, 0.39
4540, 0.18
4541, 0.18
4542, 0.43
4543, 0.46
4544, 0.16
4545, 0.41
4546, 0.33
4547, 0.64
4548, 0.77
4549, 0.68
4550, 0.48
4551, 0.50
4552, 0.10
4553, 0.38
4554, 0.50
4555, 0.38
4556, 0.36
4557, 0.17
4558, 0.97
4559, 0.62
4560, 0.43
4561, 0.73
4562, 0.36
4563, 0.38
4564, 0.34
4565, 0.37
4566, 0.18
4567, 0.71
4568, 0.33
4569, 0.33
4570, 0.18
4571, 0.18
4572, 0.55
4573, 0.38
4574, 0.36
4575, 0.12
4576, 0.66
4577, 0.62
4578, 0.81
4579, 0.38
4580, 0.31
4581, 0.45
4582, 0.40
4583, 0.49
4584, 0.77
4585, 0.16
4586, 0.36
4587, 0.76
4588, 0.18
4589, 0.42
4590, 0.39
4591, 0.04
4592, 0.33
4593, 0.65
4594, 0.55
4595, 0.63
4596, 0.41
4597, 0.31
4598, 0.47
4599, 0.35
4600, 0.55
4601, 0.61
4602, 0.33
4603, 0.73
4604, 0.90
4605, 0.75
4606, 0.66
4607, 0.60
4608, 0.75
4609, 0.25
4610, 0.24
4611, 0.37
4612, 0.42
4613, 0.93
4614, 0.69
4615, 0.92
4616, 0.50
4617, 0.42
4618, 0.51
4619, 0.17
4620, 0.56
4621, 0.45
4622, 0.01
4623, 0.48
4624, 0.39
4625, 0.67
4626, 0.48
4627, 0.42
4628, 0.63
4629, 0.28
4630, 0.20
4631, 0.78
4632, 0.67
4633, 0.70
4634, 0.13
4635, 0.38
4636, 0.61
4637, 0.43
4638, 0.33
4639, 0.63
4640, 0.14
4641, 0.31
4642, 0.16
4643, 0.49
4644, 0.38
4645, 0.40
4646, 0.32
4647, 0.34
4648, 0.66
4649, 0.54
4650, 0.39
4651, 0.35
4652, 0.64
4653, 0.16
4654, 0.66
4655, 0.18
4656, 0.43
4657, 0.42
4658, 0.57
4659, 0.66
4660, 0.64
4661, 1.05
4662, 0.27
4663, 0.11
4664, 0.17
4665, 0.53
4666, 0.65
4667, 0.14
4668, 0.14
4669, 0.34
4670, 0.26
4671, 0.58
4672, 0.40
4673, 0.38
4674, 0.40
4675, 0.62
4676, 0.36
4677, 0.43
4678, 0.38
4679, 0.41
4680, 0.74
4681, 0.51
4682, 0.64
4683, 0.67
4684, 0.70
4685, 0.68
4686, 0.66
4687, 0.73
4688, 0.75
4689, 0.66
4690, 0.40
4691, 0.70
4692, 0.70
4693, 0.08
4694, 0.34
4695, 0.31
4696, 0.44
4697, 0.30
4698, 0.47
4699, 0.12
4700, 0.61
4701, 0.38
4702, 0.42
4703, 0.71
4704, 0.10
4705, 0.39
4706, 0.61
4707, 0.43
4708, 0.66
4709, 0.72
4710, 0.16
4711, 0.43
4712, 0.64
4713, 0.48
4714, 0.07
4715, 0.16
4716, 0.80
4717, 0.37
4718, 0.37
4719, 0.70
4720, 0.45
4721, 0.45
4722, 0.64
4723, 0.69
4724, 0.57
4725, 0.38
4726, 0.07
4727, 0.45
4728, 0.44
4729, 0.08
4730, 0.37
4731, 0.46
4732, 0.14
4733, 0.69
4734, 0.50
4735, 0.10
4736, 0.41
4737, 0.45
4738, 0.87
4739, 0.18
4740, 0.57
4741, 0.18
4742, 0.47
4743, 0.27
4744, 0.44
4745, 0.10
4746, 0.36
4747, 0.38
4748, 0.45
4749, 0.18
4750, 0.01
4751, 0.59
4752, 0.68
4753, 0.11
4754, 0.57
4755, 0.63
4756, 0.68
4757, 0.67
4758, 1.12
4759, 0.32
4760, 0.12
4761, 0.28
4762, 0.34
4763, 0.18
4764, 0.45
4765, 0.68
4766, 0.39
4767, 0.40
4768, 0.34
4769, 1.00
4770, 0.72
4771, 0.63
4772, 0.43
4773, 0.19
4774, 0.58
4775, 0.40
4776, 0.41
4777, 0.35
4778, 0.17
4779, 0.43
4780, 0.33
4781, 0.36
4782, 0.42
4783, 0.64
4784, 0.29
4785, 0.16
4786, 0.38
4787, 0.39
4788, 0.58
4789, 0.43
4790, 0.50
4791, 0.06
4792, 0.43
4793, 0.46
4794, 0.61
4795, 0.30
4796, 0.63
4797, 0.69
4798, 0.62
4799, 0.57
4800, 0.40
4801, 0.62
4802, 0.32
4803, 0.59
4804, 0.38
4805, 0.62
4806, 0.43
4807, 0.66
4808, 0.16
4809, 0.64
4810, 0.04
4811, 0.67
4812, 0.38
4813, 0.10
4814, 0.43
4815, 0.18
4816, 0.65
4817, 0.47
4818, 0.04
4819, 0.61
4820, 0.52
4821, 0.39
4822, 0.18
4823, 0.38
4824, 0.66
4825, 0.39
4826, 0.28
4827, 0.41
4828, 0.18
4829, 0.38
4830, 0.78
4831, 0.54
4832, 0.37
4833, 0.63
4834, 0.14
4835, 0.33
4836, 0.42
4837, 0.39
4838, 0.67
4839, 0.46
4840, 0.53
4841, 0.47
4842, 0.37
4843, 0.44
4844, 0.38
4845, 0.41
4846, 0.64
4847, 0.16
4848, 0.12
4849, 0.52
4850, 0.15
4851, 0.42
4852, 0.37
4853, 0.75
4854, 0.40
4855, 0.64
4856, 0.65
4857, 0.63
4858, 0.43
4859, 0.62
4860, 0.49
4861, 0.10
4862, 0.30
4863, 0.22
4864, 0.22
4865, 0.71
4866, 0.40
4867, 0.54
4868, 0.39
4869, 0.12
4870, 0.41
4871, 0.65
4872, 0.31
4873, 0.35
4874, 0.70
4875, 0.33
4876, 0.47
4877, 0.63
4878, 0.35
4879, 0.53
4880, 0.66
4881, 0.25
4882, 0.64
4883, 0.66
4884, 0.37
4885, 0.11
4886, 0.47
4887, 0.44
4888, 0.36
4889, 0.41
4890, 0.37
4891, 0.36
4892, 0.61
4893, 0.37
4894, 0.43
4895, 0.45
4896, 0.89
4897, 0.31
4898, 0.01
4899, 0.41
4900, 0.58
4901, 0.12
4902, 0.65
4903, 0.20
4904, 0.37
4905, 0.15
4906, 0.60
4907, 0.02
4908, 0.14
4909, 0.45
4910, 0.69
4911, 0.49
4912, 0.63
4913, 0.29
4914, 0.70
4915, 0.65
4916, 0.14
4917, 0.39
4918, 0.47
4919, 0.32
4920, 0.10
4921, 0.60
4922, 0.37
4923, 0.37
4924, 0.39
4925, 0.16
4926, 0.39
4927, 0.64
4928, 0.41
4929, 0.63
4930, 0.52
4931, 0.37
4932, 0.68
4933, 0.64
4934, 0.20
4935, 0.13
4936, 0.43
4937, 0.15
4938, 0.38
4939, 0.66
4940, 0.59
4941, 0.97
4942, 0.54
4943, 0.31
4944, 0.25
4945, 0.66
4946, 0.64
4947, 0.78
4948, 0.63
4949, 0.59
4950, 0.17
4951, 0.67
4952, 0.68
4953, 0.38
4954, 0.64
4955, 0.32
4956, 0.44
4957, 0.35
4958, 0.45
4959, 0.38
4960, 0.32
4961, 0.42
4962, 0.66
4963, 0.10
4964, 0.37
4965, 0.64
4966, 0.43
4967, 0.69
4968, 0.59
4969, 0.36
4970, 0.75
4971, 0.40
4972, 0.15
4973, 0.70
4974, 0.15
4975, 0.89
4976, 0.46
4977, 0.32
4978, 0.38
4979, 0.20
4980, 0.81
4981, 0.62
4982, 0.16
4983, 0.46
4984, 0.74
4985, 0.39
4986, 0.51
4987, 0.43
4988, 0.56
4989, 0.18
4990, 0.66
4991, 0.69
4992, 0.46
4993, 0.43
4994, 0.64
4995, 0.66
4996, 0.16
4997, 0.67
4998, 0.45
4999, 0.55
5000, 0.40
5001, 0.65
5002, 0.06
5003, 0.21
5004, 0.34
5005, 0.48
5006, 0.44
5007, 0.45
5008, 0.14
5009, 0.64
5010, 0.15
5011, 0.38
5012, 0.32
5013, 0.36
5014, 0.35
5015, 0.43
5016, 0.82
5017, 0.33
5018, 0.32
5019, 0.63
5020, 0.60
5021, 0.63
5022, 0.41
5023, 0.40
5024, 0.53
5025, 0.45
5026, 0.50
5027, 0.34
5028, 0.59
5029, 0.43
5030, 0.47
5031, 0.41
5032, 0.59
5033, 0.51
5034, 0.38
5035, 0.35
5036, 0.69
5037, 0.69
5038, 0.52
5039, 0.76
5040, 0.72
5041, 0.06
5042, 0.82
5043, 0.38
5044, 0.67
5045, 0.68
5046, 0.18
5047, 0.69
5048, 0.75
5049, 0.69
5050, 0.39
5051, 0.62
5052, 0.71
5053, 0.32
5054, 0.07
5055, 0.48
5056, 0.51
5057, 0.38
5058, 0.22
5059, 0.91
5060, 0.13
5061, 0.36
5062, 0.64
5063, 0.69
5064, 0.63
5065, 0.38
5066, 0.47
5067, 0.72
5068, 0.16
5069, 0.68
5070, 0.45
5071, 0.52
5072, 0.37
5073, 0.14
5074, 0.10
5075, 0.36
5076, 0.79
5077, 0.43
5078, 0.65
5079, 0.68
5080, 0.44
5081, 0.93
5082, 0.13
5083, 0.35
5084, 0.43
5085, 0.43
5086, 0.67
5087, 0.63
5088, 0.40
5089, 0.75
5090, 0.16
5091, 0.25
5092, 0.41
5093, 0.62
5094, 0.38
5095, 0.44
5096, 0.64
5097, 0.57
5098, 0.35
5099, 0.38
5100, 0.65
5101, 0.45
5102, 0.38
5103, 0.62
5104, 0.37
5105, 0.53
5106, 0.31
5107, 0.40
5108, 0.62
5109, 0.40
5110, 0.16
5111, 0.63
5112, 0.17
5113, 0.63
5114, 0.18
5115, 0.69
5116, 0.36
5117, 0.51
5118, 0.66
5119, 0.93
5120, 0.20
5121, 0.43
5122, 0.61
5123, 0.33
5124, 0.36
5125, 0.66
5126, 0.72
5127, 0.60
5128, 0.13
5129, 0.45
5130, 0.18
5131, 0.39
5132, 0.39
5133, 0.44
5134, 0.51
5135, 0.69
5136, 0.62
5137, 0.51
5138, 0.41
5139, 0.14
5140, 0.43
5141, 0.36
5142, 0.64
5143, 0.68
5144, 0.16
5145, 0.45
5146, 0.44
5147, 0.60
5148, 0.14
5149, 0.39
5150, 0.55
5151, 0.54
5152, 0.38
5153, 0.21
5154, 0.38
5155, 0.70
5156, 0.50
5157, 0.21
5158, 0.67
5159, 0.38
5160, 0.49
5161, 0.50
5162, 0.58
5163, 0.38
5164, 0.45
5165, 0.86
5166, 0.69
5167, 0.21
5168, 0.65
5169, 0.42
5170, 0.68
5171, 0.40
5172, 0.55
5173, 0.28
5174, 0.16
5175, 0.39
5176, 0.60
5177, 0.44
5178, 0.69
5179, 0.57
5180, 0.39
5181, 0.51
5182, 0.43
5183, 0.44
5184, 0.30
5185, 0.66
5186, 0.32
5187, 0.61
5188, 0.20
5189, 0.10
5190, 0.70
5191, 0.39
5192, 0.23
5193, 0.82
5194, 0.23
5195, 0.10
5196, 0.10
5197, 0.38
5198, 0.60
5199, 1.11
5200, 0.35
5201, 0.39
5202, 0.38
5203, 0.69
5204, 0.77
5205, 0.37
5206, 0.36
5207, 0.11
5208, 0.74
5209, 0.34
5210, 0.39
5211, 0.25
5212, 0.31
5213, 0.34
5214, 0.59
5215, 0.49
5216, 0.59
5217, 0.47
5218, 0.19
5219, 0.66
5220, -0.03
5221, 0.25
5222, 0.07
5223, 0.69
5224, 0.17
5225, 0.48
5226, 0.68
5227, 0.43
5228, 0.17
5229, 0.39
5230, 0.53
5231, 0.75
5232, 0.32
5233, 0.35
5234, 0.38
5235, 0.52
5236, 0.26
5237, 0.55
5238, 0.43
5239, 0.21
5240, 0.64
5241, 0.45
5242, 0.33
5243, 0.74
5244, 0.64
5245, 0.34
5246, 0.19
5247, 0.63
5248, 0.62
5249, 0.66
5250, 0.35
5251, 0.16
5252, 0.00
5253, 0.41
5254, 0.38
5255, 0.58
5256, 0.45
5257, 0.31
5258, 0.65
5259, 0.68
5260, 0.41
5261, 0.14
5262, 0.38
5263, 0.48
5264, 0.24
5265, 0.17
5266, 0.64
5267, 0.38
5268, 0.16
5269, 0.45
5270, 0.33
5271, 0.44
5272, 0.69
5273, 0.33
5274, 0.33
5275, 0.22
5276, 0.16
5277, 0.41
5278, 0.23
5279, 0.47
5280, 0.37
5281, 0.41
5282, 0.74
5283, 0.19
5284, 0.61
5285, 0.51
5286, 0.23
5287, 0.40
5288, 0.64
5289, 0.35
5290, 0.68
5291, 0.36
5292, 0.54
5293, 0.33
5294, 0.29
5295, 0.62
5296, 0.29
5297, 0.44
5298, 0.69
5299, 0.59
5300, 0.37
5301, 0.38
5302, 0.05
5303, 0.38
5304, 0.46
5305, 0.68
5306, 0.43
5307, 0.50
5308, 0.38
5309, 0.24
5310, 0.78
5311, 0.18
5312, 0.60
5313, 0.45
5314, 0.38
5315, 0.35
5316, 0.38
5317, 0.09
5318, 0.73
5319, 0.30
5320, 0.52
5321, 0.74
5322, 0.13
5323, 0.35
5324, 0.54
5325, 0.28
5326, 0.06
5327, 0.38
5328, 0.21
5329, 0.92
5330, 0.43
5331, 0.73
5332, 0.43
5333, 0.53
5334, 0.66
5335, 0.63
5336, 0.41
5337, 0.27
5338, 0.10
5339, 0.66
5340, 0.30
5341, 0.62
5342, 0.21
5343, 0.59
5344, 0.47
5345, 0.44
5346, 0.36
5347, 0.70
5348, 0.54
5349, 0.70
5350, 0.26
5351, 0.54
5352, 0.49
5353, 0.29
5354, 0.54
5355, 0.05
5356, 0.19
5357, 0.74
5358, 0.64
5359, 0.10
5360, 0.16
5361, 0.42
5362, 0.82
5363, 0.62
5364, 0.38
5365, 0.74
5366, 0.83
5367, 0.59
5368, 0.74
5369, 0.19
5370, 0.18
5371, 0.44
5372, 0.05
5373, 0.63
5374, 0.35
5375, 0.45
5376, 0.61
5377, 0.34
5378, 0.33
5379, 0.78
5380, 0.21
5381, 0.41
5382, 0.18
5383, 0.54
5384, 0.59
5385, 0.18
5386, 0.28
5387, 0.10
5388, 0.39
5389, 0.23
5390, 0.62
5391, 0.74
5392, 0.52
5393, 0.13
5394, 0.47
5395, 0.69
5396, 0.16
5397, 0.63
5398, 0.87
5399, 0.34
5400, 0.31
5401, 0.42
5402, 0.40
5403, 0.46
5404, 0.69
5405, 0.97
5406, 0.52
5407, 0.62
5408, 0.31
5409, 0.68
5410, 0.64
5411, 0.48
5412, 0.39
5413, 0.63
5414, 0.33
5415, 0.40
5416, 0.70
5417, 0.30
5418, 0.66
5419, 0.59
5420, 0.40
5421, 0.72
5422, 0.15
5423, 0.16
5424, 0.81
5425, 0.67
5426, 0.36
5427, 0.69
5428, 0.48
5429, 0.78
5430, 0.26
5431, 0.30
5432, 0.87
5433, 0.67
5434, 0.98
5435, 0.58
5436, 0.50
5437, 0.64
5438, 0.84
5439, 0.32
5440, 0.41
5441, 0.78
5442, 0.38
5443, 0.33
5444, 0.65
5445, 0.55
5446, 0.28
5447, 0.30
5448, 0.45
5449, 0.31
5450, 0.43
5451, 0.69
5452, 0.20
5453, 0.27
5454, 0.40
5455, 0.30
5456, 0.64
5457, 0.37
5458, 0.57
5459, 0.61
5460, 0.44
5461, 0.38
5462, 0.40
5463, 0.41
5464, 0.39
5465, 0.59
5466, 1.19
5467, 0.43
5468, 0.41
5469, 0.32
5470, 0.32
5471, 0.55
5472, 0.40
5473, 0.67
5474, 0.10
5475, 0.31
5476, 0.61
5477, 0.36
5478, 0.11
5479, 0.37
5480, 0.27
5481, 1.09
5482, 0.28
5483, 0.17
5484, 0.52
5485, 0.46
5486, 0.69
5487, 0.37
5488, 0.39
5489, 0.10
5490, 0.41
5491, 0.32
5492, 0.76
5493, 0.39
5494, 0.45
5495, 0.56
5496, 0.29
5497, 0.41
5498, 0.77
5499, 0.23
5500, 0.64
5501, 0.13
5502, 0.37
5503, 0.39
5504, 0.39
5505, 0.81
5506, 0.74
5507, 0.67
5508, 0.61
5509, 0.30
5510, 0.37
5511, 0.26
5512, 0.42
5513, 0.44
5514, 0.35
5515, 0.64
5516, 0.32
5517, 0.54
5518, 0.27
5519, 0.74
5520, 0.48
5521, 0.23
5522, 0.14
5523, 0.34
5524, 0.16
5525, 0.35
5526, 0.37
5527, 0.33
5528, 0.64
5529, 0.40
5530, 0.10
5531, 0.26
5532, 0.44
5533, 0.81
5534, 0.32
5535, 0.59
5536, 0.42
5537, 0.55
5538, 0.26
5539, 0.35
5540, 0.38
5541, 0.32
5542, 0.80
5543, 0.66
5544, 1.17
5545, 0.52
5546, 0.36
5547, 0.59
5548, 0.37
5549, 0.61
5550, 0.30
5551, 0.12
5552, 0.15
5553, 0.65
5554, 0.52
5555, 0.37
5556, 0.39
5557, 0.06
5558, 0.30
5559, 0.68
5560, 0.32
5561, 0.63
5562, 0.40
5563, 0.46
5564, 0.55
5565, 0.47
5566, 0.42
5567, 0.22
5568, 0.43
5569, 0.44
5570, 0.80
5571, 0.69
5572, 0.42
5573, 0.10
5574, 0.12
5575, 0.37
5576, 0.47
5577, 0.66
5578, 0.36
5579, 0.38
5580, 0.56
5581, 0.65
5582, 0.37
5583, 0.67
5584, 0.36
5585, 0.36
5586, 0.70
5587, 0.64
5588, 0.41
5589, -0.03
5590, 0.43
5591, 0.46
5592, 0.64
5593, 0.43
5594, 0.16
5595, 0.58
5596, 0.31
5597, 0.31
5598, 0.39
5599, 0.12
5600, 0.67
5601, 0.43
5602, 0.37
5603, 0.40
5604, 0.40
5605, 0.38
5606, 0.89
5607, 0.40
5608, 0.67
5609, 0.23
5610, 0.14
5611, 0.58
5612, 0.45
5613, 0.39
5614, 0.61
5615, 0.34
5616, 0.42
5617, 0.62
5618, 0.68
5619, 0.39
5620, 0.35
5621, 0.63
5622, 0.61
5623, 0.45
5624, 0.43
5625, 0.66
5626, 0.63
5627, 0.42
5628, 0.46
5629, 0.60
5630, 0.35
5631, 0.32
5632, 0.52
5633, 0.63
5634, 0.64
5635, 0.48
5636, 0.38
5637, 0.38
5638, 0.68
5639, 0.48
5640, 0.38
5641, 0.35
5642, 0.14
5643, 0.34
5644, 0.45
5645, 0.43
5646, 0.16
5647, 0.63
5648, 0.20
5649, 0.46
5650, 0.45
5651, 0.43
5652, 0.38
5653, 0.26
5654, 0.65
5655, 0.32
5656, 0.58
5657, 0.59
5658, 0.14
5659, 0.64
5660, 0.64
5661, 0.36
5662, 0.20
5663, 0.61
5664, 0.41
5665, 0.36
5666, 0.82
5667, 0.35
5668, 0.54
5669, 0.60
5670, 0.36
5671, 0.11
5672, 0.34
5673, 0.46
5674, 0.39
5675, 0.37
5676, 0.37
5677, 0.25
5678, 0.41
5679, 0.35
5680, 0.88
5681, 0.48
5682, 0.48
5683, 0.39
5684, 0.37
5685, 0.42
5686, 0.53
5687, 0.43
5688, 0.17
5689, 0.43
5690, 0.41
5691, 0.16
5692, 0.62
5693, 0.60
5694, 0.23
5695, 0.41
5696, 0.70
5697, 0.55
5698, 0.49
5699, 0.42
5700, 0.41
5701, 0.63
5702, 0.23
5703, 0.63
5704, 0.67
5705, 0.66
5706, 0.43
5707, 0.25
5708, 0.77
5709, 0.18
5710, 0.08
5711, 0.17
5712, 0.53
5713, 0.12
5714, 0.70
5715, 0.44
5716, 0.36
5717, 0.61
5718, 0.36
5719, 0.43
5720, 0.62
5721, 0.20
5722, 0.35
5723, 1.12
5724, 0.62
5725, 0.06
5726, 0.47
5727, 0.43
5728, 0.32
5729, 0.44
5730, 0.55
5731, 0.28
5732, 0.20
5733, 0.42
5734, 0.45
5735, 0.36
5736, 0.59
5737, 0.23
5738, 0.75
5739, 0.37
5740, 0.40
5741, 0.19
5742, 0.39
5743, 0.54
5744, 0.44
5745, 0.12
5746, 0.14
5747, 0.54
5748, 0.64
5749, 0.29
5750, 0.43
5751, 0.38
5752, 0.68
5753, 0.19
5754, 0.62
5755, 0.30
5756, 0.38
5757, 0.44
5758, 0.35
5759, 0.29
5760, 0.41
5761, 0.37
5762, 0.66
5763, 0.60
5764, 0.61
5765, 0.58
5766, 0.32
5767, 0.42
5768, 0.37
5769, 0.24
5770, 0.82
5771, 0.74
5772, 0.50
5773, 0.51
5774, 0.66
5775, 0.32
5776, 0.53
5777, 0.36
5778, 0.13
5779, 0.70
5780, 0.57
5781, 0.86
5782, 1.16
5783, 0.50
5784, 0.82
5785, 0.31
5786, 0.64
5787, 0.71
5788, 0.18
5789, 0.42
5790, 0.59
5791, 0.37
5792, 0.02
5793, 0.19
5794, 0.38
5795, 0.21
5796, 0.38
5797, 0.23
5798, 0.32
5799, 0.23
5800, 0.08
5801, 0.42
5802, 0.45
5803, 0.63
5804, 0.66
5805, 0.53
5806, 0.43
5807, 0.51
5808, 0.38
5809, 0.35
5810, 0.56
5811, 0.28
5812, 0.38
5813, 0.66
5814, 0.69
5815, 0.94
5816, 0.38
5817, 0.69
5818, 0.37
5819, 0.58
5820, 0.41
5821, 0.15
5822, 0.38
5823, 0.16
5824, 0.26
5825, 0.39
5826, 0.56
5827, 0.15
5828, 0.40
5829, 0.62
5830, 0.69
5831, 0.33
5832, 0.45
5833, 0.40
5834, 0.68
5835, 0.63
5836, 0.49
5837, 0.50
5838, 0.36
5839, 0.42
5840, 0.17
5841, 0.62
5842, 0.70
5843, 0.51
5844, 0.34
5845, 0.41
5846, 0.25
5847, 0.64
5848, 0.78
5849, 0.07
5850, 0.35
5851, 0.27
5852, 0.53
5853, 0.71
5854, 0.43
5855, 0.17
5856, 0.18
5857, 0.73
5858, 0.39
5859, 0.28
5860, 0.36
5861, 0.38
5862, 0.51
5863, 0.53
5864, 0.20
5865, 0.70
5866, 0.45
5867, 0.38
5868, 0.29
5869, 0.47
5870, 0.35
5871, 0.43
5872, 0.29
5873, 0.59
5874, 0.19
5875, 0.44
5876, 0.27
5877, 0.66
5878, 0.68
5879, 0.70
5880, 0.35
5881, 0.43
5882, 0.64
5883, 0.59
5884, 0.19
5885, 0.48
5886, 0.37
5887, 0.43
5888, 0.28
5889, 0.27
5890, 0.25
5891, 0.61
5892, 0.69
5893, 0.36
5894, 0.67
5895, 0.70
5896, 0.41
5897, 0.70
5898, 0.44
5899, 0.48
5900, 0.33
5901, 0.40
5902, 0.52
5903, 0.66
5904, 0.47
5905, 0.42
5906, 0.65
5907, 0.44
5908, 0.54
5909, 0.45
5910, 0.40
5911, 0.43
5912, 0.74
5913, 0.64
5914, 0.55
5915, 0.11
5916, 0.85
5917, 0.16
5918, 0.57
5919, 0.37
5920, 0.40
5921, 0.07
5922, 0.15
5923, 0.61
5924, 0.40
5925, 0.65
5926, 0.31
5927, 0.63
5928, 0.65
5929, 0.62
5930, 0.52
5931, 0.68
5932, 0.54
5933, 0.45
5934, 0.60
5935, 0.40
5936, 0.43
5937, 0.69
5938, 0.50
5939, 0.43
5940, 0.30
5941, 0.34
5942, 0.46
5943, 0.76
5944, 0.39
5945, 0.14
5946, 0.10
5947, 0.56
5948, 0.50
5949, 0.52
5950, 0.66
5951, 0.38
5952, 0.28
5953, 0.55
5954, 0.03
5955, 0.49
5956, 0.34
5957, 0.37
5958, 0.61
5959, 0.67
5960, 0.39
5961, 0.53
5962, 0.37
5963, 0.38
5964, 0.38
5965, 0.67
5966, 0.87
5967, 0.53
5968, 0.22
5969, 0.22
5970, 0.74
5971, 0.69
5972, 0.67
5973, 0.28
5974, 0.61
5975, 0.43
5976, 0.11
5977, 0.43
5978, 0.41
5979, 0.43
5980, 0.44
5981, 0.91
5982, 0.26
5983, 0.69
5984, 0.32
5985, 0.70
5986, 0.42
5987, 0.67
5988, 0.49
5989, 0.54
5990, 0.38
5991, 0.11
5992, 0.20
5993, 0.52
5994, 0.20
5995, 0.31
5996, 0.79
5997, 0.45
5998, 0.63
5999, 0.43
6000, 0.10
6001, 0.44
6002, 0.63
6003, 0.50
6004, 0.35
6005, 1.19
6006, 0.47
6007, 0.74
6008, 0.82
6009, 0.44
6010, 0.44
6011, 0.56
6012, 0.39
6013, 0.49
6014, 0.36
6015, 0.38
6016, 0.64
6017, 0.44
6018, 0.76
6019, 0.59
6020, 0.67
6021, 0.38
6022, 0.38
6023, 0.22
6024, 0.43
6025, 0.65
6026, 0.40
6027, 0.52
6028, 0.43
6029, 0.69
6030, 0.43
6031, 0.03
6032, 0.30
6033, 0.37
6034, 0.24
6035, 0.95
6036, 0.12
6037, 0.41
6038, 0.97
6039, 0.35
6040, -0.05
6041, 0.93
6042, 0.30
6043, 0.46
6044, 0.46
6045, 0.42
6046, 0.42
6047, 0.48
6048, 0.43
6049, 0.70
6050, 0.30
6051, 0.69
6052, 0.64
6053, 0.46
6054, 0.36
6055, 1.14
6056, 0.52
6057, 0.62
6058, 0.10
6059, 0.79
6060, 0.20
6061, 0.46
6062, 0.67
6063, 0.99
6064, 0.62
6065, 0.58
6066, 0.39
6067, 0.40
6068, 0.67
6069, 0.14
6070, 0.53
6071, 0.07
6072, 0.40
6073, 0.61
6074, 0.45
6075, 0.40
6076, 0.38
6077, 0.59
6078, 0.53
6079, 0.20
6080, 0.49
6081, 0.45
6082, 0.75
6083, 0.28
6084, 0.04
6085, 0.52
6086, 0.46
6087, 0.43
6088, 0.70
6089, 0.07
6090, 0.24
6091, 0.55
6092, 0.34
6093, 0.42
6094, 0.65
6095, 0.27
6096, 0.55
6097, 0.53
6098, 0.34
6099, 0.42
6100, 0.67
6101, 0.66
6102, 0.10
6103, 0.42
6104, 0.43
6105, 0.65
6106, 0.03
6107, 0.38
6108, 0.52
6109, 0.73
6110, 0.12
6111, 0.45
6112, 0.59
6113, 0.47
6114, 0.08
6115, 0.17
6116, 0.63
6117, 0.32
6118, 0.40
6119, 0.67
6120, 1.07
6121, 0.34
6122, 0.42
6123, 0.64
6124, 0.57
6125, 0.43
6126, 0.45
6127, 0.45
6128, 0.45
6129, 0.29
6130, 0.38
6131, 0.61
6132, 0.63
6133, 0.03
6134, 0.36
6135, 0.28
6136, 0.02
6137, 0.52
6138, 0.45
6139, 0.61
6140, 0.69
6141, 0.61
6142, 0.66
6143, 0.35
6144, 0.68
6145, 0.62
6146, 0.48
6147, 0.70
6148, 0.12
6149, 0.42
6150, 0.46
6151, 0.67
6152, 0.43
6153, 0.51
6154, 0.63
6155, 0.42
6156, 0.11
6157, 0.40
6158, 0.43
6159, 0.35
6160, 0.43
6161, 0.69
6162, 0.41
6163, 0.40
6164, 0.48
6165, 0.46
6166, 0.74
6167, 0.22
6168, 0.51
6169, 0.66
6170, 0.66
6171, 0.40
6172, 0.45
6173, 0.24
6174, 0.59
6175, 0.49
6176, 0.58
6177, 0.38
6178, 0.43
6179, 0.64
6180, 0.67
6181, 0.45
6182, 0.39
6183, 0.40
6184, 0.15
6185, 0.30
6186, 0.66
6187, 0.17
6188, 0.11
6189, 0.43
6190, 0.58
6191, 0.60
6192, 0.12
6193, 0.40
6194, 0.66
6195, 0.67
6196, 0.23
6197, 0.32
6198, 0.61
6199, 0.37
6200, 0.40
6201, 0.51
6202, 0.36
6203, 0.38
6204, 0.35
6205, 0.12
6206, 0.63
6207, 0.16
6208, 0.59
6209, 0.61
6210, 0.23
6211, 0.14
6212, 0.52
6213, 0.40
6214, 0.39
6215, 0.36
6216, 0.12
6217, 0.31
6218, 0.42
6219, 0.42
6220, 0.73
6221, 0.18
6222, 0.51
6223, 0.63
6224, 0.80
6225, 0.51
6226, 0.46
6227, 0.64
6228, 0.50
6229, 0.38
6230, 0.43
6231, 0.35
6232, 0.42
6233, 0.41
6234, 0.38
6235, 0.65
6236, 0.33
6237, 0.83
6238, 0.50
6239, 0.81
6240, 0.79
6241, 0.69
6242, 0.45
6243, 0.49
6244, 0.43
6245, 0.51
6246, 0.29
6247, 0.13
6248, 0.51
6249, 0.54
6250, 0.38
6251, 0.38
6252, 0.28
6253, 0.40
6254, 0.40
6255, 0.67
6256, 0.66
6257, 0.15
6258, 0.58
6259, 0.70
6260, 0.59
6261, 0.70
6262, 0.44
6263, 0.94
6264, 0.38
6265, 0.40
6266, 0.20
6267, 0.34
6268, 0.16
6269, 0.10
6270, 0.40
6271, 0.46
6272, 0.43
6273, 0.39
6274, 0.72
6275, 1.11
6276, 0.74
6277, 0.28
6278, 0.33
6279, 0.23
6280, 0.42
6281, 0.40
6282, 0.45
6283, 0.21
6284, 0.37
6285, 0.45
6286, 0.45
6287, 0.71
6288, 0.33
6289, 0.70
6290, 0.38
6291, 0.45
6292, 0.51
6293, 0.45
6294, 0.39
6295, 0.90
6296, 0.32
6297, 0.43
6298, 0.58
6299, 0.55
6300, 0.49
6301, 0.55
6302, 0.63
6303, 0.11
6304, 0.15
6305, 0.40
6306, 0.36
6307, 0.36
6308, 0.41
6309, 0.59
6310, 0.48
6311, 0.34
6312, 0.27
6313, 0.44
6314, 0.32
6315, 0.15
6316, 0.38
6317, 0.69
6318, 0.44
6319, 0.14
6320, 0.56
6321, 0.06
6322, 0.67
6323, 0.36
6324, 0.18
6325, 0.35
6326, 0.62
6327, 0.39
6328, 0.64
6329, 0.63
6330, 0.31
6331, 0.34
6332, 0.66
6333, 0.60
6334, 0.09
6335, 0.37
6336, 0.43
6337, 0.40
6338, 0.50
6339, 0.32
6340, 0.38
6341, 0.49
6342, 0.59
6343, 0.35
6344, 0.67
6345, 0.51
6346, 0.20
6347, 0.19
6348, 0.44
6349, 0.37
6350, 0.37
6351, 0.81
6352, 0.35
6353, 0.45
6354, 0.37
6355, 0.36
6356, 0.41
6357, 0.66
6358, 0.36
6359, 0.76
6360, 0.41
6361, 0.42
6362, 0.57
6363, 0.61
6364, 0.34
6365, 0.50
6366, 0.35
6367, 0.21
6368, 0.61
6369, 0.63
6370, 0.69
6371, 0.34
6372, 0.89
6373, 0.82
6374, 0.42
6375, 0.16
6376, 0.56
6377, 0.72
6378, 0.30
6379, 0.70
6380, 0.66
6381, 0.27
6382, 0.45
6383, 0.62
6384, 0.64
6385, 0.71
6386, 0.49
6387, 0.45
6388, 0.37
6389, 0.71
6390, 0.37
6391, 0.40
6392, 0.67
6393, 0.70
6394, 0.48
6395, 0.13
6396, 0.37
6397, 0.63
6398, 0.89
6399, 0.67
6400, 0.43
6401, 0.54
6402, 0.94
6403, 0.38
6404, 0.41
6405, 0.68
6406, 0.43
6407, 0.50
6408, 0.43
6409, 0.15
6410, 0.70
6411, 0.40
6412, 0.36
6413, 0.67
6414, 0.45
6415, 0.60
6416, 0.66
6417, 0.39
6418, 0.40
6419, 0.69
6420, 0.50
6421, 0.38
6422, 0.38
6423, 0.41
6424, 0.39
6425, 0.41
6426, 0.11
6427, 0.42
6428, 0.05
6429, 0.22
6430, 0.65
6431, 0.14
6432, 0.24
6433, 0.43
6434, 0.11
6435, 0.72
6436, 0.11
6437, 0.69
6438, 0.59
6439, 0.48
6440, 0.48
6441, 0.32
6442, 0.35
6443, 0.39
6444, 0.39
6445, 0.67
6446, 0.31
6447, 0.66
6448, 0.40
6449, 0.80
6450, 0.06
6451, 0.53
6452, 0.31
6453, 0.35
6454, 0.48
6455, 0.65
6456, 0.43
6457, 0.39
6458, 0.12
6459, 0.50
6460, 0.38
6461, 0.05
6462, 0.63
6463, 0.10
6464, 0.46
6465, 0.12
6466, 0.28
6467, 0.63
6468, 0.39
6469, 0.39
6470, 0.10
6471, 0.45
6472, 0.45
6473, 0.34
6474, 0.36
6475, 0.64
6476, 0.29
6477, 0.65
6478, 0.39
6479, 0.70
6480, 0.32
6481, 0.13
6482, 0.47
6483, 0.39
6484, 0.63
6485, 0.56
6486, 0.38
6487, 0.04
6488, 0.35
6489, 0.34
6490, 0.42
6491, 0.64
6492, 0.95
6493, 0.49
6494, 0.40
6495, 0.64
6496, 0.15
6497, 0.73
6498, 0.58
6499, 0.41
6500, 0.46
6501, 0.74
6502, 0.50
6503, 0.68
6504, 0.32
6505, 0.14
6506, 0.35
6507, 0.76
6508, 0.33
6509, -0.08
6510, 0.01
6511, 0.65
6512, 0.64
6513, 0.38
6514, 0.39
6515, 0.50
6516, 0.77
6517, 0.77
6518, 0.66
6519, 0.60
6520, 0.90
6521, 0.20
6522, 0.36
6523, 0.28
6524, 0.65
6525, 0.43
6526, 0.67
6527, 0.14
6528, 0.44
6529, 0.62
6530, 0.63
6531, 0.94
6532, 0.75
6533, 0.63
6534, 0.33
6535, 0.11
6536, 0.44
6537, 0.70
6538, 0.45
6539, 0.15
6540, 0.12
6541, 0.50
6542, 0.66
6543, 0.48
6544, -0.02
6545, 0.59
6546, 0.41
6547, 0.43
6548, 0.45
6549, 0.36
6550, 0.22
6551, 0.61
6552, 0.27
6553, 0.42
6554, 0.69
6555, 0.44
6556, 0.16
6557, 0.39
6558, 0.20
6559, 0.12
6560, 0.74
6561, 0.44
6562, 0.63
6563, 0.59
6564, 0.53
6565, 0.68
6566, 0.62
6567, 0.91
6568, 0.03
6569, 0.64
6570, 0.63
6571, 0.16
6572, 0.69
6573, 0.69
6574, 0.66
6575, 0.74
6576, 0.19
6577, 0.45
6578, 0.14
6579, 0.16
6580, 0.32
6581, 0.44
6582, 0.47
6583, 0.09
6584, 0.06
6585, 0.31
6586, 0.37
6587, 0.38
6588, 0.41
6589, 0.39
6590, 0.10
6591, 0.53
6592, 0.30
6593, 0.38
6594, 0.45
6595, 0.37
6596, 0.65
6597, 0.34
6598, 0.53
6599, 0.52
6600, 0.32
6601, 0.20
6602, 0.03
6603, 0.67
6604, 0.12
6605, 0.33
6606, 0.33
6607, 0.63
6608, 0.64
6609, 0.31
6610, 0.50
6611, 0.51
6612, 0.49
6613, 0.37
6614, 0.73
6615, 0.76
6616, 0.62
6617, 0.43
6618, 0.63
6619, 0.38
6620, 0.54
6621, 0.48
6622, 0.68
6623, 0.42
6624, 0.34
6625, 0.33
6626, 0.05
6627, 0.60
6628, 0.40
6629, 0.37
6630, 0.34
6631, 0.37
6632, 0.46
6633, 0.41
6634, 0.68
6635, 0.60
6636, 0.16
6637, 0.32
6638, 0.43
6639, 0.30
6640, 0.64
6641, 0.16
6642, 0.43
6643, 0.66
6644, 0.46
6645, 0.64
6646, 0.39
6647, 0.43
6648, 0.64
6649, 0.64
6650, 0.40
6651, 0.47
6652, 0.41
6653, 0.74
6654, 0.54
6655, 0.35
6656, 0.24
6657, 0.62
6658, 0.15
6659, 0.21
6660, 0.40
6661, 0.37
6662, 0.33
6663, 0.67
6664, 0.47
6665, 0.43
6666, 0.45
6667, 0.47
6668, 0.50
6669, 0.25
6670, 0.36
6671, 0.30
6672, 0.65
6673, 0.38
6674, 0.19
6675, 0.15
6676, 0.36
6677, 0.77
6678, 0.09
6679, 0.07
6680, 0.85
6681, 0.44
6682, 0.54
6683, 0.15
6684, 0.64
6685, 0.43
6686, 0.34
6687, 0.67
6688, 0.41
6689, 0.79
6690, 0.40
6691, 0.35
6692, 0.51
6693, 0.67
6694, 0.26
6695, 0.06
6696, 0.35
6697, 0.67
6698, 0.39
6699, 0.39
6700, 0.46
6701, 0.64
6702, 0.38
6703, 0.63
6704, 0.36
6705, 0.38
6706, 0.62
6707, 0.75
6708, 0.69
6709, 0.39
6710, 0.63
6711, 0.16
6712, 0.57
6713, 0.28
6714, 0.34
6715, 0.67
6716, 0.47
6717, 0.48
6718, 0.66
6719, 0.32
6720, 0.88
6721, 0.24
6722, 0.69
6723, 0.66
6724, 0.36
6725, 0.54
6726, 0.47
6727, 0.65
6728, 0.42
6729, 0.64
6730, 0.06
6731, 0.33
6732, 0.40
6733, 0.38
6734, 0.65
6735, 0.67
6736, 0.59
6737, 0.44
6738, 0.43
6739, 0.66
6740, 0.18
6741, 0.38
6742, 0.12
6743, 0.30
6744, 0.16
6745, 0.64
6746, 0.15
6747, 0.11
6748, 0.10
6749, 0.61
6750, 0.65
6751, 0.64
6752, 0.74
6753, 0.67
6754, 0.77
6755, 0.68
6756, 0.74
6757, 0.41
6758, 0.77
6759, 0.72
6760, 0.79
6761, 0.15
6762, 0.77
6763, 0.31
6764, 0.38
6765, 0.21
6766, 0.10
6767, 0.62
6768, 0.11
6769, 0.65
6770, 0.27
6771, 0.63
6772, 0.24
6773, 0.34
6774, 0.47
6775, 0.41
6776, 0.42
6777, 0.40
6778, 0.45
6779, 0.81
6780, 0.80
6781, 0.18
6782, 0.37
6783, 0.40
6784, 0.74
6785, 0.43
6786, 0.39
6787, 0.70
6788, 0.12
6789, 0.30
6790, 0.33
6791, 0.13
6792, 0.63
6793, 0.36
6794, 0.10
6795, 0.62
6796, 0.52
6797, 0.40
6798, 0.64
6799, 0.56
6800, 0.89
6801, 0.66
6802, 0.69
6803, 0.14
6804, 0.38
6805, 0.76
6806, 0.37
6807, 0.42
6808, 0.66
6809, 0.47
6810, 0.23
6811, 0.62
6812, 0.57
6813, 0.66
6814, 0.41
6815, 0.40
6816, 0.52
6817, 0.36
6818, 0.49
6819, 0.58
6820, 0.67
6821, 0.21
6822, 0.63
6823, 0.57
6824, 0.62
6825, 0.10
6826, 0.22
6827, 0.24
6828, 0.46
6829, 0.68
6830, 0.46
6831, 0.38
6832, 0.42
6833, 0.92
6834, 0.46
6835, 0.06
6836, 0.62
6837, 0.64
6838, 0.83
6839, 0.58
6840, 0.75
6841, 0.14
6842, 0.12
6843, 0.84
6844, 0.18
6845, 0.35
6846, 0.39
6847, 0.61
6848, 0.28
6849, 0.40
6850, 0.63
6851, 0.56
6852, 0.28
6853, 0.63
6854, 0.19
6855, 0.35
6856, 0.40
6857, 0.45
6858, 0.39
6859, 0.67
6860, 0.66
6861, 0.34
6862, 0.52
6863, 0.40
6864, 0.20
6865, 0.43
6866, 0.49
6867, 0.36
6868, 0.43
6869, 1.11
6870, 0.67
6871, 0.61
6872, 0.40
6873, 0.38
6874, 0.66
6875, 0.67
6876, 0.18
6877, 0.35
6878, 0.41
6879, 0.11
6880, 0.47
6881, 0.48
6882, 0.86
6883, 0.44
6884, 0.41
6885, 0.64
6886, 0.36
6887, 0.40
6888, 0.66
6889, 0.38
6890, 0.43
6891, 0.67
6892, 0.17
6893, 0.38
6894, 0.29
6895, 0.71
6896, 0.31
6897, 0.56
6898, 0.42
6899, 0.46
6900, 0.53
6901, 0.57
6902, 0.70
6903, 0.20
6904, 0.45
6905, 0.15
6906, 1.11
6907, 0.35
6908, 0.54
6909, 0.42
6910, 0.57
6911, 0.34
6912, 0.41
6913, 0.35
6914, 0.12
6915, 0.11
6916, 0.69
6917, 0.43
6918, 0.67
6919, 0.38
6920, 0.19
6921, 0.39
6922, 0.65
6923, 0.16
6924, 0.54
6925, 0.38
6926, 0.69
6927, 0.91
6928, 0.44
6929, 0.88
6930, 0.65
6931, 0.15
6932, 0.02
6933, 0.44
6934, 0.44
6935, 0.67
6936, 0.25
6937, 0.46
6938, 0.44
6939, 0.39
6940, 0.64
6941, 0.38
6942, 0.41
6943, 0.43
6944, 0.52
6945, 0.69
6946, 0.62
6947, 0.39
6948, 0.10
6949, 0.35
6950, 0.64
6951, 0.40
6952, 0.53
6953, 0.67
6954, 0.33
6955, 0.80
6956, 0.33
6957, 0.47
6958, 0.42
6959, 0.41
6960, 0.16
6961, 0.14
6962, 0.52
6963, 0.37
6964, 0.64
6965, 0.18
6966, 0.30
6967, 0.69
6968, 0.42
6969, 0.64
6970, 0.68
6971, 0.39
6972, 0.45
6973, 0.70
6974, 0.39
6975, 0.38
6976, 0.66
6977, 0.39
6978, 0.38
6979, 0.36
6980, 0.35
6981, 0.48
6982, 0.53
6983, 0.38
6984, 0.32
6985, 0.38
6986, 0.49
6987, 0.38
6988, 0.58
6989, 0.36
6990, 0.63
6991, 0.89
6992, 0.59
6993, 0.36
6994, 0.13
6995, 0.69
6996, 0.67
6997, 0.64
6998, 0.60
6999, 0.63
7000, 0.14
7001, 0.39
7002, 0.75
7003, 0.35
7004, 0.63
7005, 0.18
7006, 0.33
7007, 0.10
7008, 0.43
7009, 0.20
7010, 0.43
7011, 0.34
7012, 0.19
7013, 1.00
7014, 0.09
7015, 0.37
7016, 0.48
7017, 0.53
7018, 0.37
7019, 0.07
7020, 0.66
7021, 0.58
7022, 0.66
7023, 0.38
7024, 0.35
7025, 0.52
7026, 0.50
7027, 0.60
7028, 0.14
7029, 0.62
7030, 0.23
7031, 0.82
7032, 0.55
7033, 0.47
7034, 0.62
7035, 0.61
7036, 0.38
7037, 0.42
7038, 0.21
7039, 0.38
7040, 0.69
7041, 0.69
7042, 0.27
7043, 0.60
7044, 0.26
7045, 0.18
7046, 0.10
7047, 0.36
7048, 0.67
7049, 0.43
7050, 0.39
7051, 0.43
7052, 0.68
7053, 0.53
7054, 0.36
7055, 0.36
7056, 0.39
7057, 0.38
7058, 0.74
7059, 0.11
7060, 0.29
7061, 0.64
7062, 0.39
7063, 0.72
7064, 0.42
7065, 0.43
7066, 0.26
7067, 0.01
7068, 0.73
7069, 0.77
7070, 0.36
7071, 0.64
7072, 0.95
7073, 0.40
7074, 0.67
7075, 0.38
7076, 0.16
7077, 0.39
7078, 0.74
7079, 0.42
7080, 0.66
7081, 0.54
7082, 0.34
7083, 0.28
7084, 0.31
7085, 0.39
7086, 0.54
7087, 0.39
7088, 0.42
7089, 0.44
7090, 0.50
7091, 0.22
7092, 0.35
7093, 0.35
7094, 0.38
7095, 0.52
7096, 0.39
7097, 0.79
7098, 0.63
7099, 0.36
7100, 0.23
7101, 0.33
7102, 0.11
7103, 0.63
7104, 0.40
7105, 0.45
7106, 0.18
7107, 0.53
7108, 0.36
7109, 0.28
7110, 0.34
7111, 0.37
7112, 0.63
7113, 0.36
7114, 0.44
7115, 0.72
7116, 0.67
7117, 0.69
7118, 0.35
7119, 0.40
7120, 0.72
7121, 0.36
7122, 0.47
7123, 0.35
7124, 0.44
7125, 0.39
7126, 0.51
7127, 0.14
7128, 0.19
7129, 0.38
7130, 0.60
7131, 0.93
7132, 0.94
7133, 0.39
7134, 0.61
7135, 0.69
7136, 0.67
7137, 0.38
7138, 0.73
7139, 0.66
7140, 0.41
7141, 0.46
7142, 0.55
7143, 0.63
7144, 0.63
7145, 0.56
7146, 0.45
7147, 0.41
7148, 0.33
7149, 0.14
7150, 0.40
7151, 0.83
7152, 1.09
7153, 0.74
7154, 0.36
7155, 0.12
7156, 0.61
7157, 0.94
7158, 0.14
7159, 0.94
7160, 0.29
7161, 0.51
7162, 0.93
7163, 0.64
7164, 0.41
7165, 0.77
7166, 0.59
7167, 0.28
7168, 0.79
7169, 0.44
7170, 0.42
7171, 0.39
7172, 0.21
7173, 0.54
7174, 0.49
7175, 0.69
7176, 0.38
7177, 0.62
7178, 0.44
7179, 0.64
7180, 0.67
7181, 0.18
7182, 0.43
7183, 0.38
7184, 0.63
7185, 0.58
7186, 0.63
7187, 0.36
7188, 0.83
7189, 0.25
7190, 0.68
7191, 0.34
7192, 0.90
7193, 0.40
7194, 0.43
7195, 0.35
7196, 0.50
7197, 0.46
7198, 0.69
7199, 0.41
7200, 0.14
7201, 0.67
7202, 0.65
7203, 0.40
7204, 0.66
7205, 0.24
7206, 0.65
7207, 0.69
7208, 0.37
7209, 0.50
7210, 0.48
7211, 0.04
7212, 0.10
7213, 0.78
7214, 0.66
7215, 0.45
7216, 0.44
7217, 0.51
7218, 0.81
7219, 0.33
7220, 0.56
7221, 0.35
7222, 0.59
7223, 0.08
7224, 0.33
7225, 0.64
7226, 0.38
7227, 0.40
7228, 0.69
7229, 0.63
7230, 0.27
7231, 0.53
7232, 0.48
7233, 0.43
7234, 0.64
7235, 0.61
7236, 0.72
7237, 0.68
7238, 0.68
7239, 0.15
7240, 0.64
7241, 0.28
7242, 0.38
7243, 0.70
7244, 0.41
7245, 0.69
7246, 0.68
7247, 0.37
7248, 0.56
7249, 0.32
7250, 0.56
7251, 0.42
7252, 0.79
7253, 0.19
7254, 0.41
7255, 1.05
7256, 0.37
7257, 0.17
7258, 0.40
7259, 0.32
7260, 0.31
7261, 0.32
7262, 0.53
7263, 0.39
7264, 0.30
7265, 0.52
7266, 0.31
7267, 0.38
7268, 0.50
7269, 0.85
7270, 0.41
7271, 0.55
7272, 0.66
7273, 0.70
7274, 0.34
7275, 0.40
7276, 0.40
7277, 0.43
7278, 0.30
7279, 0.52
7280, 0.22
7281, 0.43
7282, 0.32
7283, 0.39
7284, 0.23
7285, 0.13
7286, 0.37
7287, 0.38
7288, 0.62
7289, 0.62
7290, 0.61
7291, 0.31
7292, 0.53
7293, 0.43
7294, 0.33
7295, 0.30
7296, 0.43
7297, 0.61
7298, 0.64
7299, 0.34
7300, 0.43
7301, 0.40
7302, 0.42
7303, 0.69
7304, 0.39
7305, 0.40
7306, 0.09
7307, 0.04
7308, 0.41
7309, 0.65
7310, 0.62
7311, 0.45
7312, 0.84
7313, 0.44
7314, 0.73
7315, 0.16
7316, 0.62
7317, 0.44
7318, 0.64
7319, 0.64
7320, 0.37
7321, 0.34
7322, 0.64
7323, 0.47
7324, 0.49
7325, 0.44
7326, 0.28
7327, 0.38
7328, 0.59
7329, 0.43
7330, 0.04
7331, 0.74
7332, 0.41
7333, 0.57
7334, 0.17
7335, 0.66
7336, 0.35
7337, 0.71
7338, 0.13
7339, 0.70
7340, 0.40
7341, 0.40
7342, 0.93
7343, 0.22
7344, 0.60
7345, 0.65
7346, 0.65
7347, 0.16
7348, 0.41
7349, 0.41
7350, 0.69
7351, 0.35
7352, 0.59
7353, 0.44
7354, 0.43
7355, 0.33
7356, 0.38
7357, 0.47
7358, 0.27
7359, 0.14
7360, 0.66
7361, 0.61
7362, 0.55
7363, 0.21
7364, 0.58
7365, 0.70
7366, 0.57
7367, 0.25
7368, 0.43
7369, 0.64
7370, 0.43
7371, 0.25
7372, 0.56
7373, 0.40
7374, 0.49
7375, 0.19
7376, 0.21
7377, 0.46
7378, 0.19
7379, 0.31
7380, 0.69
7381, 0.47
7382, 0.80
7383, 0.25
7384, 0.66
7385, 0.30
7386, 0.18
7387, 0.70
7388, 0.39
7389, 0.66
7390, 1.09
7391, 0.43
7392, 0.28
7393, 0.41
7394, 0.55
7395, 0.49
7396, 0.44
7397, 0.42
7398, 0.63
7399, 0.65
7400, 0.62
7401, 0.30
7402, 0.82
7403, 0.65
7404, 0.65
7405, 0.63
7406, 0.22
7407, 0.62
7408, 0.38
7409, 0.12
7410, 0.58
7411, 0.43
7412, 0.62
7413, 0.66
7414, 0.63
7415, 0.82
7416, 0.38
7417, 0.37
7418, 0.35
7419, 0.03
7420, 0.60
7421, 0.39
